583.537307 22.438300 -0.179970 0.899600
584.532651 22.434280 -0.248850 0.899600
585.534095 22.427160 -0.186510 0.899600
586.529081 22.440420 -0.255580 0.899600
587.524784 22.416010 -0.274500 0.899600
588.532524 22.404180 -0.201890 0.899600
589.531074 22.402400 -0.261380 0.899600
590.542992 22.392320 -0.232790 0.899600
591.539169 22.391830 -0.177190 0.899600
592.534573 22.384800 -0.222120 0.899600
593.541235 22.381250 -0.201930 0.899600
594.539290 22.377370 -0.238130 0.899600
595.551362 22.374910 -0.218450 0.899600
596.549304 22.371490 -0.223630 0.899600
597.557538 22.370470 -0.151430 0.899600
598.567258 22.367980 -0.168870 0.899600
599.566032 22.366110 -0.174080 0.899600
600.577543 22.363910 -0.224850 0.899600
601.573632 22.363990 -0.212710 0.899600
602.584009 22.369300 -0.169900 0.899600
603.594498 22.362540 -0.195350 0.899600
604.590605 22.360500 -0.143340 0.899600
605.603792 22.360800 -0.165020 0.899600
606.602428 22.355820 -0.200530 0.899600
607.598190 22.353020 -0.184620 0.899600
608.620644 22.352530 -0.147060 0.899600
609.623187 22.349700 -0.145670 0.899600
610.630685 22.351870 -0.223300 0.899600
611.627234 22.346720 -0.195010 0.899600
612.624094 22.349260 -0.263240 0.899600
613.628289 22.346840 -0.174020 0.899600
614.626588 22.343660 -0.140940 0.899600
615.623228 22.397360 -0.281600 0.899600
616.622916 22.385680 -0.206860 0.899600
617.618149 22.374980 -0.151750 0.899600
618.628921 22.305230 -0.190600 0.899600
619.639392 22.289780 -0.262800 0.899600
620.665067 22.292760 -0.173240 0.899600
621.662312 22.655850 -0.204050 0.899600
622.660337 23.026750 -0.170520 0.899600
623.682172 22.699540 -0.184650 0.899600
624.677200 22.645990 -0.172970 0.899600
625.678308 22.648280 -0.103380 0.899600
626.675217 22.631460 -0.168080 0.899600
627.670348 22.603940 -0.430330 0.899600
628.690447 22.601110 -0.274240 0.899600
629.688290 22.593620 -0.241040 0.899600
630.700581 22.597340 -0.175120 0.899600
631.698198 22.595550 -0.111400 0.899600
632.706413 22.580450 -0.194890 0.899600
633.704564 22.562910 -0.180440 0.899600
634.700377 22.579220 -0.204970 0.899600
635.697174 22.586480 -0.202930 0.899600
636.710777 22.584180 -0.243040 0.899600
637.705579 22.586240 -0.113900 0.899600
638.716516 22.594620 -0.238280 0.899600
639.726441 22.589510 -0.185100 0.899600
640.725153 22.607840 -0.106470 0.899600
641.720131 22.671230 -0.207410 0.899600
642.720013 22.775630 -0.176600 0.899600
643.722078 22.907260 -0.115470 0.899600
644.717178 23.078950 -0.224240 0.899600
645.713146 23.170060 -0.183310 0.899600
646.721667 23.299160 -0.173140 0.899600
647.719576 23.402550 -0.216200 0.899600
648.730256 23.507930 -0.165260 0.899600
649.728465 23.609340 -0.204560 0.899600
650.723536 23.713560 -0.205860 0.899600
651.728313 23.803700 -0.204950 0.899600
652.727166 23.900210 -0.213510 0.899600
653.757367 24.003250 -0.240990 0.899600
654.751588 24.111920 -0.196450 0.899600
655.748360 24.232500 -0.218400 0.899600
656.755144 24.358370 -0.170530 0.899600
657.754360 24.489260 -0.251570 0.899600
658.765567 24.620410 -0.210080 0.899600
659.760487 24.755850 -0.163590 0.899600
660.771749 24.892670 -0.214810 0.899600
661.782364 25.028790 -0.172460 0.899600
662.783741 25.176660 -0.207260 0.899600
663.791746 25.329520 -0.212770 0.899600
664.787177 25.483140 -0.202040 0.899600
665.798151 25.636410 -0.159630 0.899600
666.808359 25.794510 -0.240410 0.899600
667.804765 25.955970 -0.197890 0.899600
668.817888 26.124400 -0.223860 0.899600
669.813114 26.295300 -0.169060 0.899600
670.810889 26.458370 -0.183060 0.899600
671.816370 26.622630 -0.132630 0.899600
672.814926 26.793840 -0.201390 0.899600
673.826782 26.965230 -0.151220 0.899600
674.822331 27.142460 -0.239160 0.899600
675.818764 27.309500 -0.217930 0.899600
676.825063 27.478220 -0.147990 0.899600
677.823560 27.649370 -0.305540 0.899600
678.835158 27.824050 -0.226490 0.899600
679.831557 28.001170 -0.152080 0.899600
680.841438 28.175000 -0.202250 0.899600
681.851532 28.353250 -0.158410 0.899600
682.849564 28.532720 -0.206010 0.899600
683.861391 28.706710 -0.256590 0.899600
684.859447 28.889050 -0.140110 0.899600
685.853067 29.066990 -0.154240 0.899600
686.878419 29.252900 -0.220690 0.899600
687.904540 29.439700 -0.185100 0.899600
688.902205 29.628100 -0.192840 0.899600
689.897012 29.810190 -0.168320 0.899600
690.902264 29.986720 -0.172340 0.899600
691.900403 30.165820 -0.183310 0.899600
692.912724 30.339640 -0.099040 0.899600
693.910317 30.512120 -0.211410 0.899600
694.918712 30.681450 -0.162050 0.899600
695.928400 30.847440 -0.114460 0.899600
696.926363 31.013870 0.331550 0.899600
697.938629 31.174980 -0.179560 0.899600
698.934694 31.338110 -0.159780 0.899600
699.931507 31.500810 -0.257360 0.899600
700.937130 31.663530 -0.253030 0.899600
701.935472 31.827170 -0.250510 0.899600
702.946789 31.986800 0.024540 0.899600
703.943653 32.142910 -0.209870 0.899600
704.937179 32.300860 -0.206440 0.899600
705.945182 32.460880 -0.229100 0.899600
706.944369 32.620850 -0.184120 0.899600
707.955963 32.781830 -0.206290 0.899600
708.953349 32.950220 -0.192750 0.899600
709.951145 33.109550 -0.284020 0.899600
710.954170 33.264480 -0.258270 0.899600
711.952747 33.420020 -0.257160 0.899600
712.964377 33.573310 -0.229480 0.899600
713.960973 33.728820 -0.204460 0.899600
714.955990 33.882030 -0.266800 0.899600
715.980938 34.033780 -0.305090 0.899600
716.976223 34.191190 -0.231190 0.899600
717.972515 34.339860 -0.209330 0.899600
718.968230 34.486620 -0.178130 0.899600
719.964370 34.631740 -0.204720 0.899600
720.960428 34.776260 -0.816690 0.899600
721.960143 34.920030 0.027100 0.899600
722.981736 35.062560 -0.263270 0.899600
723.979200 35.208400 -0.274470 0.899600
724.987504 35.353470 -0.237540 0.899600
725.984756 35.496250 -0.366700 0.899600
726.981552 35.634860 -0.311540 0.899600
727.975378 35.776680 -0.308510 0.899600
728.973856 35.916200 -0.270780 0.899600
729.970780 36.058470 -0.166320 0.899600
730.979822 36.201480 -0.237860 0.899600
731.990248 36.346260 -0.251080 0.899600
732.988445 36.487940 -0.221600 0.899600
734.000020 36.624000 -0.291040 0.899600
734.995975 36.765660 -0.201810 0.899600
736.006164 36.904430 -0.172750 0.899600
737.015382 37.046650 -0.203580 0.899600
738.012277 37.186360 -0.146550 0.899600
739.012994 37.324290 -0.214680 0.899600
740.006963 37.465260 -0.226460 0.899600
741.014607 37.610110 -0.230270 0.899600
742.024993 37.753930 -0.194460 0.899600
743.022616 37.894370 -0.153300 0.899600
744.021276 38.028390 -0.165270 0.899600
745.023523 38.160730 -0.140870 0.899600
746.023175 38.291970 -0.105450 0.899600
747.033124 38.421760 -0.186920 0.899600
748.028270 38.549930 -0.217910 0.899600
749.025580 38.676750 -0.210220 0.899600
750.023147 38.806340 -0.193770 0.899600
751.031456 38.935400 -0.284320 0.899600
752.041400 39.060380 -0.265380 0.899600
753.038083 39.187270 -0.064250 0.899600
754.033534 39.310900 -0.218440 0.899600
755.032311 39.431400 -0.229370 0.899600
756.040176 39.552150 -0.275340 0.899600
757.050052 39.677090 -0.238470 0.899600
758.076677 39.800760 -0.156840 0.899600
759.073449 39.930110 -0.203170 0.899600
760.082553 40.052470 -0.236550 0.899600
761.092676 40.174340 -0.151420 0.899600
762.091294 40.294320 -0.185650 0.899600
763.089542 40.411510 -0.135810 0.899600
764.086132 40.526950 -0.200050 0.899600
765.084473 40.641090 -0.156990 0.899600
766.080714 40.754070 -0.275360 0.899600
767.078025 40.868280 -0.353850 0.899600
768.073526 40.981170 -0.160360 0.899600
769.070126 41.095450 -0.198200 0.899600
770.069303 41.205510 -0.166010 0.899600
771.080072 41.312710 -0.213350 0.899600
772.077362 41.422670 -0.215650 0.899600
773.072095 41.530570 -0.260850 0.899600
774.080202 41.637040 -0.145710 0.899600
775.080112 41.741780 -0.266820 0.899600
776.073687 41.843580 -0.184380 0.899600
777.072492 41.944560 -0.139610 0.899600
778.068615 42.046560 -0.130800 0.899600
779.079111 42.146110 -0.230840 0.899600
780.089987 42.245420 -0.228180 0.899600
781.087283 42.349490 -0.156280 0.899600
782.099734 42.448900 -0.181150 0.899600
783.097005 42.549680 -0.197120 0.899600
784.091982 42.648910 -0.139760 0.899600
785.106977 42.748540 -0.160210 0.899600
786.117373 42.848780 -0.228250 0.899600
787.113769 42.947000 -0.138160 0.899600
788.126881 43.042060 -0.147920 0.899600
789.125518 43.138090 -0.256040 0.899600
790.133562 43.230370 -0.210960 0.899600
791.142572 43.323700 -0.169610 0.899600
792.139555 43.415510 -0.185570 0.899600
793.140855 43.505190 -0.155650 0.899600
794.137380 43.596320 -0.155270 0.899600
795.142068 43.687170 -0.212830 0.899600
796.151611 43.776650 -0.166840 0.899600
797.149013 43.869400 -0.256000 0.899600
798.144247 43.960890 -0.197870 0.899600
799.142487 44.052900 -0.180870 0.899600
800.168339 44.143410 -0.177200 0.899600
801.177303 44.236250 -0.152120 0.899600
802.171653 44.325570 -0.234990 0.899600
803.170326 44.417080 -0.186800 0.899600
804.168941 44.508760 -0.182200 0.899600
805.176769 44.599060 -0.165820 0.899600
806.186770 44.692920 -0.210300 0.899600
807.183562 44.780750 -0.175670 0.899600
808.178586 44.864040 -0.255320 0.899600
809.180429 44.949210 -0.211060 0.899600
810.175577 45.033610 -0.350080 0.899600
811.171239 45.116750 -0.200040 0.899600
812.180100 45.200610 -0.164050 0.899600
813.176588 45.285380 -0.255160 0.899600
814.188777 45.370290 -0.169410 0.899600
815.185388 45.454570 -0.249250 0.899600
816.181355 45.535840 -0.213970 0.899600
817.186643 45.619090 -0.232410 0.899600
818.186107 45.700170 -0.220250 0.899600
819.197953 45.781620 -0.216530 0.899600
820.194293 45.863060 -0.141380 0.899600
821.192257 45.942960 -0.152410 0.899600
822.194649 46.019730 -0.207210 0.899600
823.193931 46.098760 -0.163430 0.899600
824.205788 46.179790 -0.201740 0.899600
825.201676 46.261140 -0.253600 0.899600
826.197193 46.342730 -0.180840 0.899600
827.204876 46.422640 -0.152190 0.899600
828.202612 46.501940 -0.174840 0.899600
829.214304 46.584310 -0.176370 0.899600
830.212748 46.663550 -0.238940 0.899600
831.220956 46.743780 -0.249430 0.899600
832.231021 46.823170 -0.174410 0.899600
833.228625 46.901430 -0.248490 0.899600
834.225298 46.983720 -0.216660 0.899600
835.242312 47.065230 -0.117110 0.899600
836.240016 47.143060 -0.141700 0.899600
837.248995 47.219010 -0.134550 0.899600
838.258364 47.299530 -0.106180 0.899600
839.255372 47.376970 -0.184790 0.899600
840.255513 47.451450 -0.127580 0.899600
841.273709 47.527450 -0.181790 0.899600
842.301577 47.604560 -0.162760 0.899600
843.297372 47.681560 -0.105950 0.899600
844.293827 47.754670 -0.189630 0.899600
845.289391 47.827270 -0.208850 0.899600
846.300052 47.899530 -0.145380 0.899600
847.297397 47.974700 -0.196700 0.899600
848.299292 48.048470 -0.242220 0.899600
849.320036 48.121150 -0.174040 0.899600
850.315522 48.193540 -0.198760 0.899600
851.310414 48.264550 -0.216750 0.899600
852.310139 48.335510 -0.161620 0.899600
853.315321 48.406380 -0.169930 0.899600
854.311840 48.476670 -0.171300 0.899600
855.312179 48.547110 -0.133610 0.899600
856.305730 48.617510 -0.125470 0.899600
857.318654 48.686730 -0.214860 0.899600
858.330377 48.758230 -0.224690 0.899600
859.327395 48.829530 -0.176110 0.899600
860.338273 48.900280 -0.216410 0.899600
861.335232 48.972490 -0.298870 0.899600
862.345029 49.042810 -0.145940 0.899600
863.355075 49.114300 -0.201510 0.899600
864.351035 49.184450 -0.213450 0.899600
865.347416 49.257670 -0.170140 0.899600
866.346268 49.327760 -0.240670 0.899600
867.353533 49.396040 -0.223810 0.899600
868.363338 49.463480 -0.174970 0.899600
869.389674 49.530900 -0.186000 0.899600
870.385647 49.598770 -0.224450 0.899600
871.395841 49.661870 -0.234340 0.899600
872.405861 49.727840 -0.144520 0.899600
873.403965 49.792830 -0.194300 0.899600
874.415816 49.856750 -0.213040 0.899600
875.409656 49.922770 -0.131430 0.899600
876.422219 49.987390 -0.225210 0.899600
877.420376 50.054500 -0.111780 0.899600
878.421636 50.117410 -0.142840 0.899600
879.415852 50.180160 -0.188240 0.899600
880.412872 50.244950 -0.186380 0.899600
881.410173 50.307650 -0.272660 0.899600
882.414629 50.373800 -0.262260 0.899600
883.424985 50.437500 -0.234160 0.899600
884.423111 50.506470 -0.155350 0.899600
885.421649 50.566440 -0.144850 0.899600
886.418590 50.624390 -0.159870 0.899600
887.423174 50.681340 -0.173940 0.899600
888.433000 50.738790 -0.167410 0.899600
889.430428 50.796120 -0.239990 0.899600
890.430230 50.852390 -0.213130 0.899600
891.427790 50.909160 -0.247940 0.899600
892.425131 50.965780 -0.161480 0.899600
