2221,322397 36,588440 0,002760 0,699700
2222,319475 34,271230 0,002850 0,699700
2223,313977 23,485240 0,002840 0,699700
2224,321575 23,107100 0,002860 0,699700
2225,318653 22,862090 0,002880 0,699700
2226,330560 22,918890 0,002890 0,699700
2227,328239 22,591350 0,002990 0,699700
2228,322430 22,422620 0,002910 0,699700
2229,329355 22,169400 0,002940 0,699700
2230,326946 22,031070 0,002970 0,699700
2231,338665 22,021400 0,002980 0,699700
2232,335533 21,970040 0,002970 0,699700
2233,332181 22,037320 0,002930 0,699700
2234,355004 22,073730 0,002940 0,699700
2235,349935 22,065540 0,003020 0,699700
2236,347845 22,051420 0,003050 0,699700
2237,342385 22,046730 0,003020 0,699700
2238,337980 21,964530 0,003110 0,699700
2239,333387 21,957400 0,003020 0,699700
2240,347774 21,903740 0,003040 0,699700
2241,344046 21,871400 0,003000 0,699700
2242,339924 21,854390 0,002970 0,699700
2243,332710 21,857290 0,002880 0,699700
2244,345845 21,845290 0,002910 0,699700
2245,355043 21,821610 0,002840 0,699700
2246,348890 21,840200 0,002860 0,699700
2247,348197 21,867430 0,002850 0,699700
2248,346855 21,883030 0,002870 0,699700
2249,341070 21,901620 0,002770 0,699700
2250,338391 21,916700 0,002750 0,699700
2251,348206 21,936040 0,002740 0,699700
2252,343336 21,916660 0,002740 0,699700
2253,340507 21,931980 0,002760 0,699700
2254,339101 21,941380 0,002730 0,699700
2255,335100 21,948330 0,002770 0,699700
2256,331021 21,945980 0,002740 0,699700
2257,340207 21,973290 0,002730 0,699700
2258,335948 21,962420 0,002710 0,699700
2259,350706 21,923880 0,002790 0,699700
2260,346856 21,906000 0,002730 0,699700
2261,342038 21,886090 0,002750 0,699700
2262,349522 21,878950 0,002730 0,699700
2263,345986 21,868100 0,002740 0,699700
2264,358690 21,872680 0,002830 0,699700
2265,353983 21,876000 0,002790 0,699700
2266,349492 21,863380 0,002790 0,699700
2267,357849 21,861370 0,002800 0,699700
2268,359931 21,880610 0,002760 0,699700
2269,356814 21,883120 0,002780 0,699700
2270,355765 21,858340 0,002770 0,699700
2271,352067 21,933130 0,002720 0,699700
2272,347910 22,365170 0,002770 0,699700
2273,362489 21,971870 -0,001610 0,699700
2274,359265 21,810860 -0,010360 0,699700
2275,360262 21,721120 -0,004330 0,699700
2276,354028 21,650250 -0,006100 0,699700
2277,348911 21,695010 -0,006640 0,699700
2278,344116 21,667810 -0,005780 0,699700
2279,340936 21,682560 -0,004070 0,699700
2280,334984 21,688880 -0,003010 0,699700
2281,334459 21,696910 -0,000850 0,699700
2282,329632 21,711560 0,001100 0,699700
2283,340699 21,732380 0,001420 0,699700
2284,351203 21,734810 0,000850 0,699700
2285,348972 21,762010 0,000860 0,699700
2286,360724 21,810460 0,000870 0,699700
2287,357293 21,855030 0,000990 0,699700
2288,366887 21,904210 0,000930 0,699700
2289,377176 21,963610 0,001380 0,699700
2290,372666 22,068680 0,001530 0,699700
2291,368837 22,215180 0,001740 0,699700
2292,363745 22,289040 0,001700 0,699700
2293,375337 22,404850 0,002110 0,699700
2294,384876 22,663440 0,002720 0,699700
2295,381019 22,940490 0,002890 0,699700
2296,377691 23,170130 0,003170 0,699700
2297,375276 23,356020 0,003020 0,699700
2298,383737 23,524960 0,002850 0,699700
2299,392086 23,691860 0,002920 0,699700
2300,387982 23,862140 0,002680 0,699700
2301,386039 24,082990 0,003210 0,699700
2302,384717 24,282910 0,002860 0,699700
2303,392467 24,516410 0,002760 0,699700
2304,402456 24,780150 0,002680 0,699700
2305,398653 25,037910 0,002730 0,699700
2306,394304 25,296050 0,003050 0,699700
2307,392607 25,531380 0,002560 0,699700
2308,400656 25,801190 0,002100 0,699700
2309,411160 26,071100 0,001150 0,699700
2310,407508 26,339300 -0,004610 0,699700
2311,408253 26,597790 -0,017590 0,699700
2312,404597 26,850460 -0,043180 0,699700
2313,409375 27,111980 -0,087480 0,699700
2314,419065 27,369320 -0,157910 0,699700
2315,414714 27,627180 -0,263280 0,699700
2316,411488 27,884450 -0,410600 0,699700
2317,410133 28,136250 -0,611510 0,699700
2318,406202 28,407180 -0,858630 0,699700
2319,402995 28,673540 -1,162690 0,699700
2320,410878 28,941980 -1,508260 0,699700
2321,407646 29,220240 -1,883010 0,699700
2322,421525 29,502700 -2,287830 0,699700
2323,417734 29,861900 -2,719130 0,699700
2324,413557 30,201520 -3,151610 0,699700
2325,420479 30,470500 -3,566600 0,699700
2326,418623 30,728320 -3,958030 0,699700
2327,429673 30,985180 -4,282590 0,699700
2328,425049 31,243070 -4,557640 0,699700
2329,420634 31,495590 -4,787440 0,699700
2330,426886 31,748050 -4,964360 0,699700
2331,422234 31,997400 -5,107930 0,699700
2332,433790 32,244410 -5,225210 0,699700
2333,429720 32,491560 -5,321480 0,699700
2334,427203 32,731980 -5,402710 0,699700
2335,435982 32,976140 -5,477870 0,699700
2336,434925 33,227900 -5,546150 0,699700
2337,447313 33,471700 -5,601100 0,699700
2338,443537 33,714510 -5,651740 0,699700
2339,453543 33,956620 -5,702370 0,699700
2340,461917 34,204960 -5,750770 0,699700
2341,461105 34,449500 -5,793410 0,699700
2342,473464 34,683880 -5,830850 0,699700
2343,470653 34,922320 -5,866820 0,699700
2344,467827 35,154900 -5,900510 0,699700
2345,472315 35,381920 -5,927730 0,699700
2346,471815 35,600030 -5,954270 0,699700
2347,481556 35,823240 -5,981080 0,699700
2348,480288 36,044390 -6,006690 0,699700
2349,488397 36,261380 -6,031210 0,699700
2350,498483 36,478220 -6,058910 0,699700
2351,495798 36,697570 -6,082140 0,699700
2352,491842 36,911530 -6,103560 0,699700
2353,491911 37,125510 -6,123170 0,699700
2354,487714 37,331730 -6,140170 0,699700
2355,498565 37,539730 -6,159320 0,699700
2356,508808 37,747640 -6,181170 0,699700
2357,506299 37,955060 -6,200890 0,699700
2358,505917 38,162870 -6,220800 0,699700
2359,523018 38,372680 -6,241080 0,699700
2360,519661 38,582620 -6,261180 0,699700
2361,533868 38,783520 -6,282120 0,699700
2362,529872 38,993950 -6,305330 0,699700
2363,527273 39,197730 -6,327000 0,699700
2364,523189 39,400770 -6,348230 0,699700
2365,533368 39,605720 -6,367210 0,699700
2366,543069 39,808800 -6,387010 0,699700
2367,539815 40,011850 -6,407920 0,699700
2368,535182 40,215490 -6,429900 0,699700
2369,531068 40,418800 -6,447830 0,699700
2370,541841 40,617690 -6,462220 0,699700
2371,537791 40,816360 -6,478510 0,699700
2372,535902 41,008380 -6,492520 0,699700
2373,531563 41,200260 -6,507480 0,699700
2374,532500 41,390270 -6,522650 0,699700
2375,529962 41,579460 -6,536770 0,699700
2376,534143 41,767910 -6,552190 0,699700
2377,545083 41,960160 -6,568060 0,699700
2378,570812 42,148040 -6,582860 0,699700
2379,567758 42,336220 -6,597420 0,699700
2380,563879 42,517460 -6,614610 0,699700
2381,563019 42,700860 -6,627870 0,699700
2382,570770 42,886000 -6,641700 0,699700
2383,567877 43,069890 -6,654360 0,699700
2384,567614 43,249540 -6,666940 0,699700
2385,564280 43,431420 -6,679100 0,699700
2386,568977 43,603890 -6,689580 0,699700
2387,573129 43,776370 -6,701600 0,699700
2388,569550 43,953170 -6,717100 0,699700
2389,589163 44,129100 -6,731770 0,699700
2390,584998 44,310380 -6,746130 0,699700
2391,581526 44,485160 -6,759870 0,699700
2392,586779 44,658690 -6,772320 0,699700
2393,582810 44,831740 -6,784460 0,699700
2394,597346 45,001310 -6,797400 0,699700
2395,593175 45,174180 -6,811750 0,699700
2396,587664 45,345600 -6,825600 0,699700
2397,595743 45,516510 -6,839900 0,699700
2398,593881 45,690570 -6,853930 0,699700
2399,589817 45,862680 -6,868480 0,699700
2400,589436 46,031860 -6,881920 0,699700
2401,583873 46,199330 -6,894770 0,699700
2402,580917 46,365010 -6,907620 0,699700
2403,586982 46,530180 -6,920800 0,699700
2404,581010 46,697020 -6,934650 0,699700
2405,598717 46,864100 -6,947340 0,699700
2406,593899 47,034680 -6,960020 0,699700
2407,589699 47,197750 -6,972050 0,699700
2408,595806 47,362640 -6,984140 0,699700
2409,593947 47,527010 -6,995400 0,699700
2410,606649 47,687520 -7,007570 0,699700
2411,603005 47,850810 -7,019970 0,699700
2412,597076 48,012360 -7,033000 0,699700
2413,599450 48,169540 -7,045250 0,699700
2414,598410 48,331920 -7,058390 0,699700
2415,614951 48,491940 -7,069860 0,699700
2416,611473 48,647840 -7,080320 0,699700
2417,605900 48,798810 -7,089810 0,699700
2418,611883 48,953900 -7,101730 0,699700
2419,610926 49,110980 -7,112960 0,699700
2420,618930 49,265380 -7,124150 0,699700
2421,613081 49,421220 -7,134840 0,699700
2422,612211 49,574910 -7,146000 0,699700
2423,608549 49,728870 -7,156590 0,699700
2424,605035 49,878690 -7,167240 0,699700
2425,600789 50,026350 -7,177290 0,699700
2426,598421 50,173970 -7,187850 0,699700
2427,593076 50,321570 -7,198380 0,699700
2428,604432 50,468880 -7,208610 0,699700
2429,613400 50,617390 -7,218170 0,699700
2430,609325 50,765070 -7,228270 0,699700
2431,606608 50,910470 -7,238080 0,699700
2432,602926 51,055510 -7,247440 0,699700
2433,612674 51,198530 -7,255850 0,699700
2434,623069 51,343270 -7,265830 0,699700
2435,619657 51,492150 -7,276130 0,699700
2436,619394 51,636890 -7,284930 0,699700
2437,637371 51,778440 -7,293200 0,699700
2438,631905 51,924300 -7,303150 0,699700
2439,631622 52,069930 -7,314430 0,699700
2440,624864 52,218000 -7,325390 0,699700
2441,623817 52,361760 -7,335540 0,699700
2442,621234 52,505040 -7,345290 0,699700
2443,616835 52,645680 -7,356200 0,699700
2444,631336 52,790240 -7,367270 0,699700
2445,641674 52,935940 -7,378350 0,699700
2446,638588 53,081480 -7,388480 0,699700
2447,638985 53,222560 -7,397470 0,699700
2448,637638 53,359070 -7,404730 0,699700
2449,640091 53,490550 -7,412030 0,699700
2450,650043 53,626210 -7,420030 0,699700
2451,646504 53,758170 -7,427650 0,699700
2452,654844 53,886760 -7,435550 0,699700
2453,649384 54,017890 -7,443310 0,699700
2454,648606 54,146950 -7,449840 0,699700
2455,658996 54,272850 -7,456570 0,699700
2456,656816 54,400580 -7,463120 0,699700
2457,668510 54,524230 -7,469080 0,699700
2458,666083 54,648950 -7,475860 0,699700
2459,661414 54,773640 -7,483220 0,699700
2460,667449 54,899350 -7,490900 0,699700
2461,666042 55,025090 -7,498520 0,699700
2462,660856 55,148620 -7,505760 0,699700
2463,660737 55,270470 -7,513890 0,699700
2464,657572 55,396420 -7,522030 0,699700
2465,656820 55,520540 -7,530300 0,699700
2466,659559 55,644780 -7,538180 0,699700
2467,656948 55,767380 -7,546340 0,699700
2468,669797 55,893190 -7,555920 0,699700
2469,664029 56,022430 -7,565300 0,699700
2470,659520 56,147210 -7,574250 0,699700
2471,667542 56,270420 -7,582320 0,699700
2472,668964 56,392610 -7,589860 0,699700
2473,671971 56,510960 -7,598100 0,699700
2474,667542 56,631740 -7,606380 0,699700
2475,667656 56,754930 -7,615440 0,699700
2476,670928 56,880120 -7,624670 0,699700
