3626.798603 23.071510 0.001260 0.499700
3627.793829 23.063310 0.001300 0.499700
3628.794278 23.028770 0.001310 0.499700
3629.790541 23.016990 0.001370 0.499700
3630.800340 23.013420 0.001360 0.499700
3631.809880 23.012560 0.001360 0.499700
3632.807809 23.004460 0.001420 0.499700
3633.807614 22.999800 0.001410 0.499700
3634.825263 22.976140 0.001480 0.499700
3635.818888 22.974630 0.001530 0.499700
3636.819988 22.971710 0.001600 0.499700
3637.813884 22.970500 0.002310 0.499700
3638.810913 22.947420 0.001880 0.499700
3639.807652 22.899790 0.001830 0.499700
3640.817553 23.061350 0.001540 0.499700
3641.827834 23.648180 0.001690 0.499700
3642.823797 24.130590 0.002270 0.499700
3643.838072 23.548420 0.004310 0.499700
3644.860074 23.460660 0.006770 0.499700
3645.856626 23.235040 0.011650 0.499700
3646.853868 23.208150 0.014610 0.499700
3647.848583 23.191930 0.016600 0.499700
3648.864146 23.164660 0.017110 0.499700
3649.861522 23.131560 0.016420 0.499700
3650.870228 23.112380 0.014080 0.499700
3651.880047 23.083430 0.013620 0.499700
3652.878665 23.042590 0.014140 0.499700
3653.890281 23.005080 0.014920 0.499700
3654.887368 22.899280 0.018680 0.499700
3655.896392 22.818690 0.021430 0.499700
3656.906203 22.747200 0.023360 0.499700
3657.900905 22.678820 0.024890 0.499700
3658.898346 22.669860 0.026100 0.499700
3659.893488 22.680320 0.026880 0.499700
3660.905199 22.691040 0.027770 0.499700
3661.915703 22.712030 0.028560 0.499700
3662.913840 22.744170 0.029050 0.499700
3663.911632 22.774910 0.029650 0.499700
3664.909077 22.814870 0.029880 0.499700
3665.913466 22.874900 0.030010 0.499700
3666.921896 22.945150 0.030040 0.499700
3667.919630 23.003790 0.030180 0.499700
3668.920712 23.038210 0.030210 0.499700
3669.918220 23.079460 0.030200 0.499700
3670.922062 23.121740 0.029840 0.499700
3671.930879 23.176540 0.029790 0.499700
3672.927498 23.249470 0.030130 0.499700
3673.941875 23.333610 0.030320 0.499700
3674.940605 23.411890 0.030470 0.499700
3675.948230 23.487270 0.030890 0.499700
3676.958870 23.574870 0.031060 0.499700
3677.953898 23.716630 0.031230 0.499700
3678.955123 23.729240 0.031530 0.499700
3679.952450 23.870500 0.031530 0.499700
3680.956911 23.978020 0.031710 0.499700
3681.965897 24.066440 0.031770 0.499700
3682.964303 24.138250 0.031740 0.499700
3683.964151 24.209790 0.031680 0.499700
3684.960628 24.281510 0.031600 0.499700
3685.965358 24.349760 0.031530 0.499700
3686.975873 24.406920 0.031370 0.499700
3687.971804 24.481690 0.031110 0.499700
3688.972204 24.508970 0.030890 0.499700
3689.969996 24.583230 0.030680 0.499700
3690.973603 24.648620 0.030510 0.499700
3691.983760 24.727750 0.030210 0.499700
3692.979615 24.796270 0.029940 0.499700
3693.993545 24.891040 0.029770 0.499700
3694.989652 24.995190 0.029530 0.499700
3695.985775 25.149170 0.029310 0.499700
3696.993780 25.374570 0.029230 0.499700
3698.018922 25.743180 0.029640 0.499700
3699.016302 26.055680 0.030280 0.499700
3700.024917 26.259070 0.031150 0.499700
3701.035234 26.414660 0.032640 0.499700
3702.031847 26.565000 0.034870 0.499700
3703.031948 26.696990 0.037840 0.499700
3704.029240 26.829930 0.041640 0.499700
3705.033115 26.958240 0.046680 0.499700
3706.043750 27.082710 0.053310 0.499700
3707.039632 27.198800 0.062330 0.499700
3708.040138 27.305190 0.073750 0.499700
3709.037531 27.407950 0.088410 0.499700
3710.041806 27.495530 0.105270 0.499700
3711.051741 27.580630 0.124040 0.499700
3712.047624 27.663220 0.146270 0.499700
3713.044341 27.741200 0.175260 0.499700
3714.045517 27.843040 0.211560 0.499700
3715.044062 27.936140 0.252390 0.499700
3716.051938 28.046770 0.296280 0.499700
3717.062334 28.171030 0.342680 0.499700
3718.058042 28.300560 0.387990 0.499700
3719.072350 28.416140 0.431240 0.499700
3720.069367 28.534150 0.477560 0.499700
3721.063678 28.640000 0.530000 0.499700
3722.070376 28.728000 0.590090 0.499700
3723.067430 28.821660 0.653430 0.499700
3724.080831 28.920830 0.717730 0.499700
3725.078919 29.021800 0.790930 0.499700
3726.077636 29.127410 0.868230 0.499700
3727.078313 29.229340 0.953510 0.499700
3728.076019 29.336550 1.050940 0.499700
3729.083827 29.441600 1.155680 0.499700
3730.081563 29.545280 1.267250 0.499700
3731.078479 29.649320 1.383280 0.499700
3732.087858 29.757130 1.509130 0.499700
3733.086129 29.860840 1.643690 0.499700
3734.097069 29.970010 1.785610 0.499700
3735.095773 30.081530 1.933640 0.499700
3736.103613 30.188430 2.083500 0.499700
3737.113944 30.290470 2.233530 0.499700
3738.112414 30.405620 2.384020 0.499700
3739.124255 30.519900 2.528670 0.499700
3740.120981 30.635580 2.664790 0.499700
3741.117649 30.749610 2.785310 0.499700
3742.121213 30.853300 2.891920 0.499700
3743.120689 30.958990 2.988040 0.499700
3744.132427 31.053630 3.072800 0.499700
3745.128675 31.145270 3.152720 0.499700
3746.122373 31.236760 3.229230 0.499700
3747.131464 31.338330 3.304550 0.499700
3748.132398 31.448510 3.375360 0.499700
3749.128734 31.559220 3.442410 0.499700
3750.124709 31.671490 3.503130 0.499700
3751.119933 31.786700 3.561750 0.499700
3752.130903 31.903760 3.615710 0.499700
3753.141605 32.030570 3.669440 0.499700
3754.138901 32.160060 3.716480 0.499700
3755.137737 32.289280 3.759190 0.499700
3756.155709 32.436060 3.797390 0.499700
3757.182064 32.629170 3.833110 0.499700
3758.178298 32.818400 3.867620 0.499700
3759.176052 33.048550 3.897300 0.499700
3760.171976 33.269120 3.925480 0.499700
3761.181977 33.486210 3.951080 0.499700
3762.178850 33.680920 3.974130 0.499700
3763.175066 33.930600 3.994030 0.499700
3764.170792 34.197500 4.012480 0.499700
3765.167999 34.398390 4.030180 0.499700
3766.164047 34.552050 4.047500 0.499700
3767.174284 34.678880 4.062910 0.499700
3768.183956 34.796600 4.077700 0.499700
3769.182042 34.910060 4.092050 0.499700
3770.181293 35.023820 4.105670 0.499700
3771.199031 35.132650 4.119130 0.499700
3772.195591 35.244270 4.132580 0.499700
3773.191856 35.350660 4.147600 0.499700
3774.190721 35.459380 4.161630 0.499700
3775.202522 35.568680 4.176660 0.499700
3776.197052 35.683420 4.190490 0.499700
3777.208942 35.794710 4.202990 0.499700
3778.219501 35.906420 4.215520 0.499700
3779.245700 36.017690 4.227740 0.499700
3780.242061 36.127250 4.239360 0.499700
3781.251723 36.234930 4.250270 0.499700
3782.261421 36.341650 4.261480 0.499700
3783.256936 36.449440 4.273290 0.499700
3784.253822 36.556020 4.285680 0.499700
3785.249032 36.667100 4.298300 0.499700
3786.259951 36.781230 4.310430 0.499700
3787.270912 36.893240 4.322010 0.499700
3788.264908 37.006360 4.332930 0.499700
3789.261928 37.115850 4.343550 0.499700
3790.257731 37.223720 4.351100 0.499700
3791.268689 37.325740 4.357760 0.499700
3792.278443 37.426040 4.364100 0.499700
3793.274126 37.522560 4.369920 0.499700
3794.275848 37.616470 4.375450 0.499700
3795.293356 37.705300 4.380870 0.499700
3796.291672 37.794070 4.386410 0.499700
3797.285933 37.880780 4.392010 0.499700
3798.281347 37.967230 4.397740 0.499700
3799.279422 38.052840 4.403630 0.499700
3800.276025 38.140580 4.409640 0.499700
3801.285651 38.228400 4.415440 0.499700
3802.296195 38.316220 4.421380 0.499700
3803.293402 38.405230 4.427380 0.499700
3804.305563 38.492730 4.433050 0.499700
3805.301479 38.580210 4.439000 0.499700
3806.311893 38.666350 4.444810 0.499700
3807.322285 38.752810 4.450810 0.499700
3808.320066 38.838590 4.457290 0.499700
3809.331760 38.925970 4.464010 0.499700
3810.330450 39.015680 4.470910 0.499700
3811.338338 39.102470 4.477160 0.499700
3812.348661 39.188880 4.483290 0.499700
3813.344078 39.276370 4.489350 0.499700
3814.340937 39.362200 4.495140 0.499700
3815.338498 39.446300 4.501110 0.499700
3816.346867 39.529990 4.506940 0.499700
3817.356020 39.615040 4.513090 0.499700
3818.352065 39.701290 4.519230 0.499700
3819.348831 39.784920 4.525140 0.499700
3820.342716 39.869940 4.530950 0.499700
3821.355379 39.953170 4.536900 0.499700
3822.364977 40.037110 4.542810 0.499700
3823.363430 40.121040 4.548660 0.499700
3824.375359 40.203560 4.554410 0.499700
3825.373786 40.287100 4.560670 0.499700
3826.381701 40.371440 4.566660 0.499700
3827.392055 40.456190 4.572460 0.499700
3828.389745 40.540570 4.578200 0.499700
3829.401094 40.623820 4.584060 0.499700
3830.399841 40.708440 4.589670 0.499700
3831.407669 40.790500 4.595130 0.499700
3832.412375 40.873140 4.600440 0.499700
3833.407718 40.954790 4.605400 0.499700
3834.410533 41.035600 4.610490 0.499700
3835.407852 41.114530 4.615830 0.499700
3836.416461 41.194370 4.621370 0.499700
3837.425044 41.277850 4.627040 0.499700
3838.419942 41.361200 4.632820 0.499700
3839.418738 41.442820 4.637890 0.499700
3840.417317 41.523630 4.642790 0.499700
3841.425000 41.603970 4.647500 0.499700
3842.434843 41.682750 4.652030 0.499700
3843.429915 41.760500 4.656510 0.499700
3844.444950 41.836440 4.661170 0.499700
3845.441217 41.913840 4.665720 0.499700
3846.436755 41.987860 4.670500 0.499700
3847.442060 42.063540 4.674650 0.499700
3848.436915 42.137860 4.679180 0.499700
3849.453123 42.211870 4.683980 0.499700
3850.446948 42.287590 4.689150 0.499700
3851.442422 42.364270 4.694160 0.499700
3852.452046 42.440710 4.699050 0.499700
3853.450685 42.518330 4.703870 0.499700
3854.448040 42.594610 4.708300 0.499700
3855.445303 42.671550 4.712600 0.499700
3856.440832 42.746090 4.717110 0.499700
3857.437409 42.821100 4.721830 0.499700
3858.444051 42.896450 4.726400 0.499700
3859.442414 42.970890 4.730290 0.499700
3860.454511 43.042840 4.734360 0.499700
3861.449999 43.115620 4.738300 0.499700
3862.444026 43.186740 4.741980 0.499700
3863.452107 43.255680 4.746040 0.499700
3864.450924 43.326190 4.750080 0.499700
3865.462469 43.395160 4.753670 0.499700
3866.461269 43.462090 4.757230 0.499700
3867.468732 43.527360 4.760680 0.499700
3868.473007 43.593730 4.764250 0.499700
3869.470993 43.658510 4.767930 0.499700
3870.488477 43.725380 4.772110 0.499700
3871.484051 43.794530 4.776200 0.499700
3872.480514 43.861950 4.780050 0.499700
3873.487886 43.927130 4.783860 0.499700
3874.484996 43.992900 4.787650 0.499700
3875.497745 44.058330 4.791330 0.499700
3876.493885 44.124560 4.795170 0.499700
3877.489017 44.190620 4.798810 0.499700
3878.513355 44.256550 4.802840 0.499700
3879.508722 44.327280 4.807350 0.499700
3880.506096 44.395910 4.811020 0.499700
3881.501379 44.462530 4.814630 0.499700
3882.495026 44.528800 4.818660 0.499700
3883.490824 44.596320 4.822640 0.499700
3884.487869 44.662810 4.826480 0.499700
3885.483152 44.729730 4.830340 0.499700
3886.480397 44.796180 4.834000 0.499700
3887.475301 44.861820 4.837600 0.499700
3888.486797 44.927280 4.841250 0.499700
3889.497270 44.993630 4.844970 0.499700
3890.493421 45.058980 4.848850 0.499700
3891.493336 45.123460 4.852510 0.499700
3892.511532 45.189050 4.856100 0.499700
3893.508593 45.254240 4.860130 0.499700
3894.510196 45.320110 4.864230 0.499700
3895.507420 45.386590 4.868120 0.499700
3896.503179 45.451130 4.871920 0.499700
3897.498752 45.514780 4.875430 0.499700
3898.500745 45.579150 4.879210 0.499700
3899.495002 45.643140 4.883020 0.499700
3900.491341 45.707690 4.886670 0.499700
3901.499241 45.771600 4.890580 0.499700
3902.495201 45.836620 4.894230 0.499700
3903.508971 45.900540 4.897560 0.499700
3904.503916 45.965230 4.901350 0.499700
3905.500068 46.029280 4.904840 0.499700
3906.502444 46.092470 4.907990 0.499700
3907.498516 46.154970 4.910930 0.499700
3908.517795 46.215190 4.913880 0.499700
3909.511734 46.276560 4.916890 0.499700
3910.507698 46.335090 4.919840 0.499700
3911.516898 46.394390 4.923080 0.499700
3912.518492 46.454900 4.926450 0.499700
3913.526330 46.514390 4.929860 0.499700
3914.521859 46.575180 4.933670 0.499700
3915.516366 46.637920 4.937120 0.499700
3916.519303 46.698360 4.940810 0.499700
3917.518113 46.758820 4.944390 0.499700
3918.534511 46.818880 4.947540 0.499700
3919.532492 46.878730 4.950620 0.499700
3920.530167 46.936210 4.953680 0.499700
3921.525873 46.994140 4.956700 0.499700
3922.522136 47.051310 4.959990 0.499700
3923.518699 47.108300 4.963370 0.499700
3924.515011 47.165540 4.966930 0.499700
3925.510645 47.223900 4.970350 0.499700
3926.507824 47.283800 4.973820 0.499700
3927.503829 47.341650 4.977140 0.499700
3928.518759 47.398660 4.980590 0.499700
3929.528402 47.458110 4.983650 0.499700
3930.554822 47.515930 4.986460 0.499700
3931.551272 47.573040 4.989220 0.499700
3932.561356 47.627470 4.991990 0.499700
3933.571674 47.682570 4.994530 0.499700
3934.568197 47.736350 4.996950 0.499700
3935.564045 47.790780 4.999250 0.499700
3936.561663 47.844990 5.001880 0.499700
3937.569843 47.897060 5.004310 0.499700
3938.579348 47.950250 5.007120 0.499700
3939.572781 48.005700 5.009540 0.499700
3940.571828 48.059070 5.011820 0.499700
3941.570527 48.110500 5.014050 0.499700
3942.578369 48.162500 5.016350 0.499700
3943.586724 48.213960 5.018680 0.499700
3944.581225 48.265180 5.021310 0.499700
3945.580045 48.316030 5.024100 0.499700
3946.578690 48.369420 5.027260 0.499700
3947.586918 48.422090 5.029420 0.499700
3948.591725 48.473070 5.031700 0.499700
3949.588770 48.522850 5.033940 0.499700
3950.606596 48.572680 5.036260 0.499700
3951.605162 48.622160 5.039100 0.499700
3952.613212 48.671490 5.041760 0.499700
3953.622965 48.721220 5.044460 0.499700
3954.617878 48.771630 5.047870 0.499700
3955.615560 48.825480 5.050950 0.499700
3956.616720 48.878750 5.054020 0.499700
3957.613687 48.931310 5.057310 0.499700
3958.608825 48.985170 5.060140 0.499700
3959.614954 49.038750 5.063090 0.499700
3960.608658 49.093110 5.066360 0.499700
3961.625540 49.146790 5.069280 0.499700
3962.621409 49.200690 5.071930 0.499700
3963.617823 49.253160 5.074790 0.499700
