40.384636 21.290440 0.001370 0.299900
41.402225 21.290800 0.001410 0.299900
42.411448 21.289950 0.001380 0.299900
43.410122 21.290200 0.001400 0.299900
44.421568 21.290710 0.001440 0.299900
45.418901 21.291400 0.001450 0.299900
46.413902 21.289800 0.001430 0.299900
47.420462 21.290160 0.001380 0.299900
48.419208 21.290160 0.001350 0.299900
49.415542 21.289580 0.001300 0.299900
50.414090 21.291700 0.001460 0.299900
51.410103 21.284180 0.001290 0.299900
52.420836 21.291130 0.000850 0.299900
53.431079 21.681610 0.000390 0.299900
54.427435 22.248080 0.005020 0.299900
55.428081 21.639670 0.012620 0.299900
56.445562 21.746390 0.013520 0.299900
57.447287 21.716700 0.012190 0.299900
58.457269 21.691880 0.010010 0.299900
59.454958 21.654550 0.009390 0.299900
60.454168 21.621260 0.009190 0.299900
61.471688 21.622980 0.009600 0.299900
62.467999 21.620090 0.009990 0.299900
63.465197 21.619950 0.010000 0.299900
64.461877 21.623030 0.010980 0.299900
65.457588 21.627540 0.013050 0.299900
66.451897 21.631470 0.015380 0.299900
67.464089 21.641290 0.017310 0.299900
68.473938 21.674730 0.018830 0.299900
69.469152 21.762020 0.019900 0.299900
70.484755 21.810400 0.020930 0.299900
71.481782 21.920020 0.021750 0.299900
72.490341 22.010210 0.022140 0.299900
73.500434 22.099040 0.022300 0.299900
74.498447 22.098140 0.022560 0.299900
75.495181 22.244930 0.022740 0.299900
76.493762 22.378830 0.022750 0.299900
77.495825 22.502710 0.022770 0.299900
78.494605 22.660510 0.022620 0.299900
79.502193 22.692530 0.022430 0.299900
80.499775 22.749630 0.022490 0.299900
81.499992 22.830100 0.022670 0.299900
82.497900 22.909320 0.022770 0.299900
83.491863 23.023480 0.022630 0.299900
84.490594 23.149260 0.022500 0.299900
85.485403 23.265180 0.022120 0.299900
86.496460 23.345130 0.021880 0.299900
87.493965 23.416420 0.021650 0.299900
88.495163 23.493910 0.021310 0.299900
89.516429 23.590740 0.021140 0.299900
90.514000 23.669770 0.020840 0.299900
91.522785 23.766060 0.020770 0.299900
92.532841 23.871290 0.020670 0.299900
93.530412 23.978200 0.020430 0.299900
94.529399 24.099550 0.020480 0.299900
95.522852 24.218390 0.020510 0.299900
96.530975 24.332590 0.020350 0.299900
97.541235 24.448210 0.020400 0.299900
98.567600 24.579730 0.020330 0.299900
99.565305 24.709380 0.020170 0.299900
100.573583 24.833310 0.020190 0.299900
101.569840 24.965730 0.020320 0.299900
102.566524 25.094410 0.020320 0.299900
103.563454 25.226330 0.020380 0.299900
104.577714 25.367420 0.020440 0.299900
105.572839 25.522240 0.020660 0.299900
106.584002 25.680900 0.021130 0.299900
107.593924 25.852530 0.021710 0.299900
108.620012 26.019400 0.022790 0.299900
109.642728 26.192330 0.024330 0.299900
110.651799 26.363220 0.027010 0.299900
111.651159 26.532870 0.030520 0.299900
112.645509 26.703290 0.035540 0.299900
113.646268 26.868480 0.042640 0.299900
114.641859 27.033390 0.051610 0.299900
115.652979 27.202390 0.062800 0.299900
116.661857 27.364600 0.077690 0.299900
117.661157 27.532080 0.096730 0.299900
118.673440 27.699100 0.120070 0.299900
119.670600 27.868800 0.149470 0.299900
120.679244 28.029060 0.183560 0.299900
121.688929 28.196600 0.224450 0.299900
122.684372 28.361440 0.271900 0.299900
123.681387 28.523430 0.325510 0.299900
124.680152 28.684560 0.387140 0.299900
125.677096 28.846580 0.457920 0.299900
126.672470 29.008550 0.536680 0.299900
127.681046 29.170570 0.626810 0.299900
128.678800 29.334070 0.730300 0.299900
129.691572 29.494880 0.848390 0.299900
130.690379 29.661570 0.980600 0.299900
131.697891 29.817520 1.115660 0.299900
132.692944 29.986560 1.249730 0.299900
133.691120 30.161400 1.376190 0.299900
134.685813 30.340050 1.490750 0.299900
135.701973 30.510530 1.594390 0.299900
136.698263 30.704150 1.688840 0.299900
137.708099 30.894610 1.776930 0.299900
138.718381 31.077240 1.857770 0.299900
139.713691 31.315670 1.929920 0.299900
140.728176 31.528740 1.994930 0.299900
141.722855 31.704180 2.053760 0.299900
142.734519 31.866960 2.107250 0.299900
143.730021 32.033730 2.155280 0.299900
144.728342 32.194560 2.202190 0.299900
145.725517 32.356440 2.240440 0.299900
146.720213 32.514990 2.273010 0.299900
147.722416 32.672000 2.302360 0.299900
148.718536 32.827220 2.327660 0.299900
149.728532 32.978370 2.349590 0.299900
150.739028 33.130860 2.369950 0.299900
151.736176 33.282130 2.388020 0.299900
152.735419 33.429400 2.405100 0.299900
153.753123 33.576160 2.421050 0.299900
154.780953 33.724500 2.435430 0.299900
155.807470 33.873350 2.450020 0.299900
156.829481 34.025520 2.463670 0.299900
157.838364 34.170760 2.476280 0.299900
158.837908 34.317130 2.487820 0.299900
159.831721 34.457870 2.498360 0.299900
160.833842 34.598770 2.508530 0.299900
161.829182 34.737060 2.518670 0.299900
162.839867 34.875330 2.528470 0.299900
163.837973 35.014750 2.538160 0.299900
164.850976 35.152180 2.546630 0.299900
165.847690 35.292840 2.554900 0.299900
166.861976 35.426660 2.562370 0.299900
167.863375 35.563610 2.569840 0.299900
168.868025 35.696880 2.577410 0.299900
169.866937 35.829240 2.585520 0.299900
170.865868 35.962450 2.593970 0.299900
171.864002 36.095980 2.602890 0.299900
172.872271 36.225480 2.608640 0.299900
173.894388 36.352980 2.615210 0.299900
174.890961 36.485420 2.621670 0.299900
175.887997 36.612180 2.627610 0.299900
176.885549 36.737270 2.633280 0.299900
177.898470 36.861370 2.638700 0.299900
178.897154 36.986780 2.644280 0.299900
179.904548 37.110000 2.649530 0.299900
180.915009 37.234600 2.656520 0.299900
181.911746 37.359590 2.662450 0.299900
182.911286 37.484870 2.669620 0.299900
183.913969 37.610110 2.675950 0.299900
184.930646 37.735960 2.682740 0.299900
185.940926 37.864820 2.689080 0.299900
186.937586 37.991410 2.694600 0.299900
187.937386 38.117910 2.701060 0.299900
188.935216 38.242340 2.707060 0.299900
189.939372 38.365940 2.712530 0.299900
190.948575 38.489560 2.718090 0.299900
191.944957 38.610960 2.723100 0.299900
192.959964 38.731430 2.730150 0.299900
193.957347 38.854390 2.734940 0.299900
194.965740 38.974770 2.740440 0.299900
195.975692 39.097400 2.745620 0.299900
196.974227 39.219140 2.751080 0.299900
197.986138 39.337620 2.756880 0.299900
198.983453 39.458850 2.761600 0.299900
199.992124 39.578820 2.767360 0.299900
201.001615 39.696440 2.772650 0.299900
201.998373 39.813040 2.776760 0.299900
202.999138 39.927440 2.783640 0.299900
203.996724 40.044150 2.787010 0.299900
205.018415 40.157700 2.790330 0.299900
206.029017 40.274470 2.793200 0.299900
207.024833 40.387630 2.796340 0.299900
208.020366 40.497390 2.799130 0.299900
209.018808 40.605320 2.802440 0.299900
210.027001 40.712590 2.805050 0.299900
211.037413 40.820910 2.808530 0.299900
212.034078 40.929070 2.811960 0.299900
213.046676 41.033840 2.814940 0.299900
214.041770 41.138770 2.818050 0.299900
215.038156 41.242120 2.821190 0.299900
216.045415 41.345070 2.824090 0.299900
217.041476 41.448650 2.827410 0.299900
218.055716 41.551020 2.830230 0.299900
219.051728 41.654290 2.834060 0.299900
220.045632 41.757340 2.837710 0.299900
221.052969 41.858710 2.840960 0.299900
222.048478 41.962920 2.845440 0.299900
223.063995 42.066690 2.850430 0.299900
224.061022 42.170390 2.854150 0.299900
225.056867 42.271760 2.857380 0.299900
226.080845 42.375050 2.860940 0.299900
227.078349 42.478170 2.863890 0.299900
228.089911 42.576560 2.867050 0.299900
229.084373 42.675060 2.870010 0.299900
230.096408 42.770720 2.872760 0.299900
231.091367 42.868700 2.875710 0.299900
232.090538 42.965970 2.878530 0.299900
233.087466 43.061510 2.881120 0.299900
234.100299 43.155060 2.883960 0.299900
235.098354 43.251380 2.886870 0.299900
236.092850 43.346250 2.889910 0.299900
237.099245 43.440540 2.892930 0.299900
238.100753 43.535770 2.896170 0.299900
239.095480 43.629890 2.899240 0.299900
240.092530 43.722740 2.902190 0.299900
241.089108 43.814070 2.905050 0.299900
242.098808 43.906900 2.907750 0.299900
243.109516 43.999810 2.910650 0.299900
244.107787 44.092610 2.913430 0.299900
245.114246 44.181950 2.917050 0.299900
246.109310 44.273010 2.920030 0.299900
247.125180 44.363720 2.923420 0.299900
248.134450 44.455230 2.926550 0.299900
249.129655 44.546310 2.929870 0.299900
250.127887 44.634470 2.932930 0.299900
251.125216 44.723770 2.936030 0.299900
252.118440 44.812880 2.938890 0.299900
253.117708 44.898670 2.941470 0.299900
254.127603 44.985450 2.944330 0.299900
255.125707 45.073020 2.947300 0.299900
256.138113 45.158360 2.950470 0.299900
257.139476 45.245190 2.953510 0.299900
258.144166 45.329780 2.956330 0.299900
259.154150 45.415290 2.959230 0.299900
260.150823 45.502000 2.962200 0.299900
261.146273 45.585940 2.964630 0.299900
262.144898 45.669660 2.967510 0.299900
263.152638 45.755140 2.970320 0.299900
264.162773 45.840420 2.973080 0.299900
265.159032 45.924510 2.975520 0.299900
266.159176 46.007980 2.978410 0.299900
267.156611 46.091490 2.980480 0.299900
268.161026 46.172470 2.982090 0.299900
269.169867 46.254930 2.985060 0.299900
270.165661 46.338830 2.988840 0.299900
271.163534 46.421440 2.991500 0.299900
272.161101 46.501950 2.993970 0.299900
273.169535 46.580890 2.996450 0.299900
274.179456 46.660430 2.998330 0.299900
275.177075 46.743260 3.001680 0.299900
276.172977 46.822270 3.004400 0.299900
277.168431 46.899040 3.006980 0.299900
278.162704 46.976540 3.009690 0.299900
