650,397369 21,176820 0,002860 0,599900
651,407498 21,165260 0,002810 0,599900
652,403763 21,155300 0,002700 0,599900
653,399660 21,143400 0,002620 0,599900
654,393499 21,135420 0,002770 0,599900
655,405942 21,125860 0,002700 0,599900
656,415468 21,127510 0,002760 0,599900
657,413678 21,126160 0,002830 0,599900
658,425782 21,124680 0,002770 0,599900
659,421792 21,122160 0,002710 0,599900
660,432134 21,119050 0,002700 0,599900
661,441798 21,115530 0,002730 0,599900
662,437916 21,111620 0,002800 0,599900
663,451946 21,109010 0,002730 0,599900
664,450896 21,109170 0,002790 0,599900
665,458583 21,108300 0,002810 0,599900
666,457048 21,108720 0,002530 0,599900
667,456532 21,108220 0,002610 0,599900
668,453653 21,111680 0,002740 0,599900
669,480167 21,107930 0,002570 0,599900
670,475602 21,093890 0,002720 0,599900
671,469762 21,085060 0,002380 0,599900
672,479027 21,074190 0,005350 0,599900
673,478062 21,085730 0,011940 0,599900
674,489381 21,105860 0,019990 0,599900
675,511355 21,108300 0,021000 0,599900
676,521689 21,131850 0,018510 0,599900
677,518426 21,150000 0,014960 0,599900
678,531370 21,166670 0,006920 0,599900
679,529920 21,142800 0,004430 0,599900
680,537808 21,163300 0,003880 0,599900
681,532470 21,177790 0,004190 0,599900
682,531696 21,189390 0,003470 0,599900
683,528357 21,203210 0,002250 0,599900
684,541462 21,218840 -0,000960 0,599900
685,537561 21,233310 -0,001160 0,599900
686,547952 21,264240 0,003830 0,599900
687,557419 21,283550 0,006950 0,599900
688,554284 21,320350 0,009130 0,599900
689,567859 21,365110 0,010590 0,599900
690,563452 21,494020 0,011720 0,599900
691,557335 21,618150 0,011770 0,599900
692,565616 21,761980 0,012460 0,599900
693,561740 21,938290 0,012710 0,599900
694,577044 22,066510 0,012530 0,599900
695,571750 22,240500 0,012410 0,599900
696,568651 22,388250 0,012360 0,599900
697,573565 22,537130 0,012630 0,599900
698,569855 22,688710 0,012780 0,599900
699,584906 22,837420 0,012940 0,599900
700,582766 22,990250 0,012940 0,599900
701,591260 23,167610 0,012800 0,599900
702,600973 23,354390 0,012980 0,599900
703,598215 23,540290 0,012330 0,599900
704,611371 23,745390 0,012360 0,599900
705,607424 23,972770 0,012690 0,599900
706,617682 24,217160 0,013450 0,599900
707,628395 24,459310 0,013920 0,599900
708,625673 24,705340 0,013420 0,599900
709,637276 24,957410 0,013890 0,599900
710,635333 25,218540 0,015730 0,599900
711,643974 25,485550 0,021310 0,599900
712,653722 25,759910 0,029810 0,599900
713,651780 26,032140 0,045230 0,599900
714,663758 26,299900 0,068310 0,599900
715,658229 26,571450 0,104000 0,599900
716,654921 26,838680 0,145240 0,599900
717,661665 27,102870 0,193740 0,599900
718,661552 27,367460 0,255110 0,599900
719,690868 27,630050 0,333180 0,599900
720,685353 27,900910 0,436130 0,599900
721,681583 28,160280 0,563610 0,599900
722,687538 28,415910 0,723940 0,599900
723,687180 28,674730 0,919280 0,599900
724,693490 28,931280 1,148990 0,599900
725,687633 29,187490 1,408080 0,599900
726,705245 29,437710 1,681820 0,599900
727,713630 29,690800 1,984870 0,599900
728,708246 29,941880 2,291930 0,599900
729,725242 30,188480 2,602300 0,599900
730,722955 30,439900 2,915600 0,599900
731,717596 30,683380 3,204960 0,599900
732,741672 30,926830 3,467990 0,599900
733,737695 31,176580 3,709460 0,599900
734,737998 31,418100 3,909420 0,599900
735,733005 31,656900 4,085360 0,599900
736,729230 31,893160 4,233420 0,599900
737,750291 32,129080 4,351740 0,599900
738,748214 32,371410 4,451860 0,599900
739,760278 32,607210 4,534400 0,599900
740,757967 32,844860 4,605610 0,599900
741,766362 33,077350 4,667400 0,599900
742,761739 33,309410 4,721020 0,599900
743,760360 33,535190 4,767700 0,599900
744,756196 33,759040 4,810260 0,599900
745,765322 33,982280 4,849640 0,599900
746,761784 34,209060 4,886160 0,599900
747,776586 34,429140 4,920420 0,599900
748,785526 34,654240 4,952430 0,599900
749,785165 34,877770 4,982400 0,599900
750,796954 35,096890 5,010110 0,599900
751,791752 35,317020 5,037140 0,599900
752,802993 35,532590 5,061800 0,599900
753,811978 35,752180 5,085880 0,599900
754,808269 35,968950 5,109190 0,599900
755,805106 36,179910 5,131260 0,599900
756,803942 36,390460 5,152630 0,599900
757,811387 36,599900 5,172800 0,599900
758,809969 36,809000 5,193460 0,599900
759,809452 37,015740 5,213280 0,599900
760,831320 37,221250 5,232350 0,599900
761,829820 37,430390 5,251940 0,599900
762,837798 37,634160 5,271070 0,599900
763,832972 37,839930 5,289730 0,599900
764,831207 38,042130 5,307620 0,599900
765,826026 38,241930 5,325200 0,599900
766,841541 38,440690 5,342590 0,599900
767,837592 38,642790 5,360110 0,599900
768,834770 38,838940 5,376880 0,599900
769,840200 39,036230 5,392760 0,599900
770,841914 39,232730 5,408570 0,599900
771,839911 39,428200 5,425230 0,599900
772,851541 39,622110 5,440760 0,599900
773,849984 39,818500 5,456340 0,599900
774,857897 40,011330 5,471430 0,599900
775,868396 40,205740 5,486500 0,599900
776,865795 40,398560 5,500570 0,599900
777,877902 40,587620 5,514130 0,599900
778,875156 40,779090 5,527580 0,599900
779,871949 40,966080 5,541070 0,599900
780,876198 41,151400 5,554050 0,599900
781,875173 41,337600 5,567380 0,599900
782,899903 41,523020 5,580490 0,599900
783,898257 41,711630 5,593880 0,599900
784,894932 41,892890 5,606770 0,599900
785,903178 42,073220 5,619110 0,599900
786,904637 42,254440 5,633050 0,599900
787,899969 42,433310 5,645370 0,599900
788,897294 42,612140 5,657640 0,599900
789,894816 42,789120 5,669890 0,599900
790,890146 42,965720 5,682460 0,599900
791,887584 43,140720 5,694130 0,599900
792,897361 43,314330 5,706830 0,599900
793,923466 43,488750 5,719170 0,599900
794,921744 43,664300 5,732050 0,599900
795,921906 43,835200 5,743730 0,599900
796,930986 44,005450 5,755420 0,599900
797,941206 44,177650 5,766860 0,599900
798,938176 44,349140 5,778870 0,599900
799,938463 44,516650 5,790240 0,599900
800,935776 44,684170 5,801410 0,599900
801,939689 44,851180 5,812550 0,599900
802,949504 45,019420 5,823970 0,599900
803,948178 45,186470 5,834870 0,599900
804,959757 45,349620 5,845790 0,599900
805,958049 45,514900 5,856730 0,599900
806,965817 45,676450 5,867380 0,599900
807,961444 45,839370 5,877770 0,599900
808,959617 45,998360 5,888080 0,599900
809,953505 46,158180 5,897990 0,599900
810,969797 46,316200 5,908870 0,599900
811,967533 46,475280 5,919780 0,599900
812,976206 46,631350 5,930880 0,599900
813,986559 46,791580 5,942310 0,599900
814,983377 46,949110 5,952430 0,599900
815,995929 47,103840 5,962940 0,599900
816,993873 47,259580 5,973800 0,599900
817,989554 47,412080 5,983610 0,599900
818,995041 47,564670 5,993930 0,599900
819,993399 47,719150 6,003820 0,599900
821,005096 47,870660 6,015910 0,599900
822,001843 48,022940 6,025030 0,599900
822,996917 48,171030 6,034440 0,599900
824,003943 48,316890 6,044220 0,599900
825,001843 48,464920 6,053850 0,599900
826,013474 48,611500 6,062890 0,599900
827,010302 48,761200 6,072410 0,599900
828,006197 48,905360 6,081820 0,599900
829,011268 49,049720 6,091420 0,599900
830,009892 49,196020 6,100670 0,599900
831,021538 49,339750 6,109510 0,599900
832,017346 49,484900 6,118850 0,599900
833,027802 49,626580 6,126890 0,599900
834,039309 49,769170 6,136620 0,599900
835,039975 49,912920 6,146850 0,599900
836,047682 50,053670 6,155040 0,599900
837,043489 50,193880 6,163680 0,599900
838,038769 50,332150 6,171460 0,599900
839,046518 50,469670 6,178820 0,599900
840,047820 50,609130 6,186800 0,599900
