2370,792597 498,551600
2371,793869 495,759200
2372,795230 492,524200
2373,796327 489,491200
2374,799580 485,711100
2375,802036 484,227000
2376,803458 484,441500
2377,804805 483,572000
2378,806501 477,497900
2379,808915 476,085400
2380,810613 472,235200
2381,812977 474,782600
2382,815146 477,541500
2383,816193 480,037600
2384,817353 481,369300
2385,819739 483,307900
2386,820985 479,882900
2387,822848 470,346900
2388,824919 468,438200
2389,826229 476,064900
2390,828923 484,481100
2391,830182 487,353400
2392,831148 480,687300
2393,832227 470,114400
2394,833317 472,056700
2395,834822 472,711100
2396,836344 469,875200
2397,837970 466,372300
2398,839047 467,730900
2399,840647 465,554000
2400,842089 472,849800
2401,843791 477,813400
2402,844703 481,423500
2403,845756 486,086400
2404,847305 490,269500
2405,849645 539,715100
2406,852066 575,970700
2407,852754 600,260800
2408,853801 619,508400
2409,854378 637,431300
2410,856460 653,426000
2411,857869 667,235000
2412,859937 675,667100
2413,861179 682,402500
2414,863335 687,710000
2415,865717 691,489900
2416,867958 695,433000
2417,869402 699,200600
2418,871978 702,199100
2419,874052 705,255800
2420,875864 708,375800
2421,877549 711,512600
2422,878533 721,984100
2423,880829 731,843000
2424,882471 738,609700
2425,883716 743,328200
2426,884832 747,072500
2427,886087 750,185600
2428,887697 752,581300
2429,889788 754,537100
2430,891185 756,387800
2431,892306 758,188600
2432,893986 760,089900
2433,895745 761,552300
2434,897616 763,843600
2435,899819 766,896800
2436,901819 769,873700
2437,903991 772,146000
2438,904801 772,721900
2439,906291 772,803000
2440,908542 774,371300
2441,910565 776,322200
2442,911604 778,291100
2443,912828 779,705500
2444,913515 781,662600
2445,914408 784,732600
2446,916377 787,688800
2447,918250 788,834400
2448,919710 790,881400
2449,921983 793,599600
