2557,570310 612,132100
2558,571632 610,986400
2559,573088 610,230900
2560,573814 609,797300
2561,575739 609,874700
2562,577360 610,465900
2563,579554 611,289100
2564,581635 612,239600
2565,583043 613,649400
2566,585145 615,172600
2567,586278 617,114500
2568,588248 619,297800
2569,590401 622,314700
2570,592703 625,452900
2571,593209 628,894400
2572,594571 632,974400
2573,596245 637,366200
2574,598347 642,462800
2575,600770 647,488200
2576,602985 652,445000
2577,604793 657,068300
2578,606245 660,914200
2579,609873 664,499800
2580,611690 668,196000
2581,613883 672,175100
2582,613966 676,370200
2583,614778 680,574900
2584,616317 684,623400
2585,617485 688,517000
2586,619025 692,088000
2587,619519 696,030700
2588,621348 700,299100
2589,622820 704,596200
2590,624327 708,718200
2591,625011 712,696200
2592,625664 716,212400
2593,626550 719,565900
2594,627703 722,742500
2595,630186 726,116500
2596,631657 729,726900
2597,634498 734,482400
2598,637906 738,990400
2599,640160 743,081600
2600,640762 747,140400
2601,641634 751,061600
2602,643919 754,647200
2603,645474 758,008300
2604,647225 761,230900
2605,649676 764,434100
2606,651564 767,154400
2607,653593 769,547400
2608,654940 771,765600
2609,656162 773,754600
2610,656800 775,757000
2611,657515 777,803100
2612,658306 779,558100
2613,661156 781,055400
2614,663085 782,486900
2615,664664 783,753600
2616,667907 785,064300
2617,670484 786,536600
2618,672805 788,327300
2619,674762 790,056700
2620,676158 791,632900
2621,678166 793,069300
2622,679638 794,342600
2623,681640 795,608800
2624,683981 797,032800
2625,684469 798,405700
2626,686235 799,735000
2627,689577 800,930800
2628,691215 802,025400
