1202.242078 21.261690 -0.001840 0.599900
1203.250447 21.261860 -0.012100 0.599900
1204.250525 21.261050 -0.221050 0.599900
1205.246369 21.262240 -0.339910 0.599900
1206.246396 21.259980 -0.568470 0.599900
1207.244801 21.260870 -0.610040 0.599900
1208.252396 21.258870 -0.382060 0.599900
1209.248809 21.259220 -0.723260 0.599900
1210.246424 21.258100 -0.462420 0.599900
1211.245027 21.259040 -0.381830 0.599900
1212.274543 21.258260 0.294290 0.599900
1213.272127 21.259930 -0.637750 0.599900
1214.268337 21.259870 -0.810680 0.599900
1215.282138 21.259600 -0.174820 0.599900
1216.291958 21.257470 0.426920 0.599900
1217.289361 21.248590 0.045960 0.599900
1218.302596 21.246510 0.012580 0.599900
1219.300365 21.249440 -0.027590 0.599900
1220.308505 21.291890 -0.086880 0.599900
1221.317419 21.291850 -0.328460 0.599900
1222.312856 21.239780 0.040710 0.599900
1223.328767 21.322800 -0.165470 0.599900
1224.326062 21.322870 -0.183220 0.599900
1225.320440 21.299660 -0.190030 0.599900
1226.326989 21.250910 -0.168210 0.599900
1227.322876 21.287630 -0.170840 0.599900
1228.336863 21.396920 -0.262440 0.599900
1229.333049 21.399420 -0.568320 0.599900
1230.328292 21.439790 -0.124680 0.599900
1231.335996 21.463770 -1.583800 0.599900
1232.333087 21.496330 -0.444450 0.599900
1233.329128 21.473880 -0.099290 0.599900
1234.329253 21.492450 -0.100280 0.599900
1235.324915 21.482220 -0.639300 0.599900
1236.335712 21.477380 0.011330 0.599900
1237.346323 21.490130 -0.362830 0.599900
1238.346305 21.497430 -0.102870 0.599900
1239.355468 21.530660 -2.435590 0.599900
1240.378290 21.548820 0.053730 0.599900
1241.388537 21.575730 0.557960 0.599900
1242.384914 21.589950 -0.534750 0.599900
1243.398616 21.635410 -0.574880 0.599900
1244.396116 21.702990 -0.339240 0.599900
1245.393046 21.768060 -0.508940 0.599900
1246.388457 21.851900 -0.127260 0.599900
1247.398468 21.940480 -0.288370 0.599900
1248.396995 22.073930 -0.022790 0.599900
1249.393986 22.170200 0.015170 0.599900
1250.391584 22.309010 -0.516920 0.599900
1251.386379 22.460410 -0.205290 0.599900
1252.398572 22.608890 -0.443100 0.599900
1253.408269 22.732410 0.100310 0.599900
1254.405892 22.898280 -0.550630 0.599900
1255.400721 23.042550 -0.018580 0.599900
1256.398564 23.182310 -0.717200 0.599900
1257.393908 23.303460 -0.013620 0.599900
1258.392186 23.435600 -0.698420 0.599900
1259.400931 23.567520 -0.292730 0.599900
1260.396132 23.704870 -0.190790 0.599900
1261.393217 23.837960 -0.834880 0.599900
1262.391740 23.976600 -1.095310 0.599900
1263.399370 24.108390 -1.259440 0.599900
1264.409048 24.239200 -1.088440 0.599900
1265.406072 24.371490 -0.523990 0.599900
1266.419393 24.511650 -0.059870 0.599900
1267.417928 24.665170 -0.064380 0.599900
1268.425740 24.803390 -0.156800 0.599900
1269.422170 24.960460 -0.020930 0.599900
1270.418943 25.106030 -0.459840 0.599900
1271.413035 25.257500 -0.049150 0.599900
1272.429342 25.414350 -0.159300 0.599900
1273.426093 25.571050 -0.641480 0.599900
1274.423764 25.719750 -0.633810 0.599900
1275.446412 25.860010 -0.204740 0.599900
1276.443015 26.012990 -0.191580 0.599900
1277.455745 26.163580 -0.577570 0.599900
1278.452192 26.317350 -0.481250 0.599900
1279.448943 26.474830 -0.330720 0.599900
1280.453545 26.634010 -0.610070 0.599900
1281.449948 26.784410 -0.051470 0.599900
1282.464660 26.945150 -0.101430 0.599900
1283.486645 27.107290 -0.154150 0.599900
1284.514926 27.268250 -0.104210 0.599900
1285.513063 27.429450 -0.114300 0.599900
1286.543035 27.589590 -0.065110 0.599900
1287.539411 27.773470 -0.124930 0.599900
1288.532838 27.945910 -0.275370 0.599900
1289.540601 28.112790 -0.932200 0.599900
1290.537933 28.285930 -0.587830 0.599900
1291.551231 28.454010 -0.867670 0.599900
1292.546492 28.625190 -0.181250 0.599900
1293.542151 28.792920 -0.052170 0.599900
1294.550168 28.954950 -0.417160 0.599900
1295.547003 29.119680 -1.088780 0.599900
1296.542064 29.279970 -0.113230 0.599900
1297.543453 29.441720 -0.039530 0.599900
1298.538629 29.604760 -0.832280 0.599900
1299.549859 29.763070 -0.013500 0.599900
1300.560184 29.923640 -0.642540 0.599900
1301.557881 30.082440 -0.030670 0.599900
1302.569603 30.237030 -0.348560 0.599900
1303.566844 30.393870 -0.176680 0.599900
1304.576254 30.547440 -0.191600 0.599900
1305.586280 30.703570 -0.464570 0.599900
1306.584793 30.857010 -0.180890 0.599900
1307.596503 31.009480 -0.572400 0.599900
1308.593327 31.160810 -0.057010 0.599900
1309.589776 31.309170 -0.027480 0.599900
1310.593510 31.457500 -0.602390 0.599900
1311.593020 31.607940 -0.010610 0.599900
1312.589968 31.773550 -0.907740 0.599900
1313.588931 31.934410 -0.035070 0.599900
1314.628917 32.089330 -0.458800 0.599900
1315.638842 32.247380 -1.200490 0.599900
1316.637315 32.394560 -0.188690 0.599900
1317.649137 32.535740 -0.860490 0.599900
1318.647428 32.677120 -0.279540 0.599900
1319.655283 32.814100 -0.969470 0.599900
1320.683024 32.953890 -0.694110 0.599900
1321.709260 33.096330 -0.077780 0.599900
1322.706572 33.238150 -0.501190 0.599900
1323.701915 33.373760 -0.473080 0.599900
1324.708114 33.505540 -1.065060 0.599900
1325.705466 33.635950 -0.025490 0.599900
1326.718398 33.763020 -0.903810 0.599900
1327.714916 33.891340 -0.640310 0.599900
1328.711962 34.017820 -0.640170 0.599900
1329.733966 34.142890 -0.199400 0.599900
1330.736793 34.272600 -1.137670 0.599900
1331.744499 34.399820 -0.609430 0.599900
1332.741951 34.526130 -0.483450 0.599900
1333.750432 34.650150 -0.070780 0.599900
1334.760593 34.774180 0.090210 0.599900
1335.758833 34.896610 -0.377800 0.599900
1336.770499 35.017210 -0.088410 0.599900
1337.768036 35.139310 -0.721100 0.599900
1338.763959 35.258620 -0.199350 0.599900
1339.770002 35.372930 -0.045640 0.599900
1340.766914 35.491370 -0.187440 0.599900
1341.765219 35.609820 -0.624860 0.599900
1342.762988 35.727440 -0.871140 0.599900
1343.758361 35.844360 -0.063980 0.599900
1344.769222 35.959960 -0.913730 0.599900
1345.780039 36.076160 -0.160980 0.599900
1346.804937 36.191940 -0.050990 0.599900
1347.828001 36.306880 -1.038370 0.599900
1348.838037 36.419320 -0.598940 0.599900
1349.836129 36.531350 -0.065670 0.599900
1350.848304 36.642570 -0.492330 0.599900
1351.846605 36.755230 -0.611550 0.599900
1352.854360 36.865550 -0.602370 0.599900
1353.864079 36.976720 -0.396100 0.599900
1354.862036 37.087860 -0.242010 0.599900
1355.874413 37.198450 -0.560640 0.599900
1356.872968 37.308640 -0.011020 0.599900
1357.898360 37.416360 0.683730 0.599900
1358.908319 37.527760 -2.353850 0.599900
1359.906791 37.636630 -0.192010 0.599900
1360.918432 37.743040 -0.011690 0.599900
1361.916823 37.849390 -0.095790 0.599900
1362.924912 37.953670 -0.150250 0.599900
1363.935363 38.058130 0.033750 0.599900
1364.933198 38.161980 -0.608420 0.599900
1365.944577 38.263570 -0.168850 0.599900
1366.943171 38.366030 -0.395830 0.599900
1367.951364 38.465430 -0.497110 0.599900
1368.961851 38.566230 -0.176810 0.599900
1369.964026 38.666510 -0.442230 0.599900
1370.971710 38.765030 -0.483640 0.599900
1371.968830 38.863610 -0.583420 0.599900
1372.964427 38.961560 -0.545420 0.599900
1373.969947 39.058530 0.160380 0.599900
1374.968486 39.157920 0.025300 0.599900
1375.966068 39.257030 -0.076460 0.599900
1376.963165 39.356650 0.144960 0.599900
1377.958440 39.449820 -0.105090 0.599900
1378.970047 39.545070 -0.213510 0.599900
1379.979953 39.645150 -0.261290 0.599900
1380.975442 39.741800 0.025460 0.599900
1381.972257 39.836550 -0.276350 0.599900
1382.970828 39.928210 -0.576740 0.599900
1383.966413 40.019580 -0.251700 0.599900
1384.963607 40.110860 -0.099680 0.599900
1385.971947 40.202470 -0.996510 0.599900
1386.968234 40.294200 0.034670 0.599900
1387.982291 40.385410 -0.005620 0.599900
1388.981089 40.477880 0.045910 0.599900
1389.976085 40.569200 -1.337180 0.599900
1390.975103 40.660620 0.009860 0.599900
1391.981943 40.750760 0.073540 0.599900
1392.979210 40.841920 0.005530 0.599900
1393.992656 40.932630 0.021770 0.599900
1394.988807 41.024670 -0.770790 0.599900
1395.998733 41.114460 -0.532730 0.599900
1397.007522 41.204270 -0.434380 0.599900
1398.003941 41.292050 -0.152680 0.599900
1399.018897 41.378270 -0.165840 0.599900
1400.017411 41.465460 -0.155240 0.599900
1401.024947 41.551160 -0.061200 0.599900
1402.019869 41.636890 -0.386580 0.599900
1403.018705 41.721800 -0.902810 0.599900
1404.017223 41.807680 -0.024000 0.599900
1405.029099 41.891820 -1.357210 0.599900
1406.026705 41.977150 -0.437370 0.599900
1407.022036 42.060050 -0.151610 0.599900
1408.027802 42.141130 -0.382700 0.599900
1409.025599 42.220830 -0.308020 0.599900
1410.037272 42.299900 -0.159510 0.599900
1411.035416 42.378230 -0.076260 0.599900
1412.031759 42.454970 -0.029240 0.599900
1413.053866 42.530380 -1.340510 0.599900
1414.050317 42.606730 -0.022080 0.599900
1415.064199 42.680480 -0.000980 0.599900
1416.059507 42.755740 -1.061810 0.599900
1417.054454 42.829020 0.218290 0.599900
1418.050573 42.902080 -1.560940 0.599900
1419.051059 42.974420 -0.410680 0.599900
1420.047447 43.046120 0.074430 0.599900
1421.056612 43.117190 -0.434180 0.599900
1422.053893 43.189080 -0.178350 0.599900
1423.062457 43.259650 -0.022950 0.599900
1424.071857 43.331800 -0.506080 0.599900
1425.067414 43.403040 -0.027310 0.599900
1426.082535 43.472980 -0.449250 0.599900
1427.078321 43.544040 -0.154170 0.599900
1428.088517 43.612390 -0.177480 0.599900
1429.097388 43.682050 -0.030640 0.599900
1430.097019 43.752390 -1.430930 0.599900
1431.108914 43.821640 -1.094330 0.599900
1432.106257 43.891960 -0.828180 0.599900
1433.115145 43.961320 -0.010970 0.599900
1434.125646 44.031380 -0.178780 0.599900
1435.151129 44.100420 -0.036500 0.599900
1436.147433 44.169910 -0.049080 0.599900
1437.157810 44.237580 -0.027900 0.599900
1438.167910 44.306810 -0.153320 0.599900
1439.170464 44.375890 -0.184320 0.599900
1440.178222 44.443780 -0.202700 0.599900
1441.174000 44.512130 -1.200430 0.599900
1442.184049 44.579420 -0.226400 0.599900
1443.193873 44.647470 -0.532330 0.599900
1444.191663 44.715060 -0.144160 0.599900
1445.190925 44.781210 -0.555290 0.599900
1446.208815 44.846930 -1.216850 0.599900
1447.204465 44.913770 -0.483830 0.599900
1448.201729 44.979620 -0.095520 0.599900
1449.196729 45.045580 -0.120080 0.599900
1450.194565 45.110230 -0.397480 0.599900
1451.191391 45.175840 -0.205350 0.599900
1452.201147 45.240560 -0.196030 0.599900
1453.200265 45.305850 -1.040130 0.599900
1454.211735 45.370980 -0.156370 0.599900
1455.207825 45.436830 -0.205670 0.599900
1456.204828 45.501460 -0.039760 0.599900
1457.203415 45.565320 -0.348680 0.599900
1458.229184 45.630180 -0.804120 0.599900
1459.239502 45.696830 -0.184270 0.599900
1460.236675 45.762910 0.000820 0.599900
1461.235874 45.826460 -0.623140 0.599900
1462.233414 45.890430 -0.655780 0.599900
1463.229830 45.952880 -0.191920 0.599900
1464.224463 46.014640 -0.211100 0.599900
1465.231778 46.075680 5.927140 0.599900
1466.229430 46.137300 5.921330 0.599900
1467.241199 46.197380 5.933550 0.599900
1468.239121 46.258350 5.936650 0.599900
1469.237393 46.317770 5.939790 0.599900
1470.239792 46.376500 5.942880 0.599900
1471.239043 46.435670 3.958560 0.599900
1472.250102 46.494460 5.945870 0.599900
1473.272461 46.553740 -0.646300 0.599900
1474.281786 46.613410 6.182050 0.599900
1475.279295 46.672030 5.612280 0.599900
1476.292425 46.729180 5.963300 0.599900
1477.288394 46.787300 -2.882660 0.599900
1478.282521 46.843980 5.969510 0.599900
1479.290923 46.900830 1.920040 0.599900
1480.288862 46.957100 -0.331660 0.599900
1481.283588 47.012780 -0.109310 0.599900
1482.279532 47.067960 -0.434360 0.599900
1483.274418 47.122580 -0.052210 0.599900
1484.291142 47.177200 -0.013870 0.599900
1485.300490 47.232230 -0.032990 0.599900
1486.299107 47.287360 -0.216400 0.599900
1487.310894 47.341450 -0.104940 0.599900
1488.307465 47.396240 -0.462580 0.599900
1489.301763 47.450670 -1.086700 0.599900
1490.308451 47.505930 -0.208230 0.599900
1491.308177 47.561220 -0.140800 0.599900
1492.337997 47.615010 -0.444310 0.599900
1493.334655 47.670790 -0.209830 0.599900
1494.329762 47.723840 -0.912920 0.599900
1495.335773 47.777090 -0.116690 0.599900
1496.334427 47.830790 -0.138760 0.599900
1497.329460 47.883970 -0.041340 0.599900
1498.330087 47.935890 -0.007960 0.599900
1499.325427 47.988510 -0.011460 0.599900
1500.336074 48.040550 -0.104180 0.599900
1501.346208 48.094350 -0.188650 0.599900
1502.341737 48.147900 -0.688810 0.599900
1503.338226 48.199810 -0.473650 0.599900
1504.337007 48.252290 -0.335290 0.599900
1505.334389 48.305360 -0.494230 0.599900
1506.329404 48.357730 -0.077340 0.599900
1507.338376 48.410630 -0.491170 0.599900
1508.334841 48.464500 -1.000250 0.599900
1509.330603 48.516630 -0.711300 0.599900
1510.324013 48.569410 -0.041750 0.599900
1511.336944 48.620760 -0.021510 0.599900
1512.333720 48.672520 -0.575740 0.599900
1513.335397 48.722790 -0.355270 0.599900
1514.356637 48.774030 -0.143150 0.599900
1515.355415 48.825230 -0.166110 0.599900
1516.363035 48.874950 -0.185130 0.599900
1517.359628 48.923610 -0.226440 0.599900
1518.355537 48.971670 -0.066620 0.599900
1519.354474 49.020760 -0.173990 0.599900
1520.350026 49.068530 -0.200490 0.599900
1521.350976 49.117190 0.074560 0.599900
1522.349671 49.166100 -0.203270 0.599900
1523.345587 49.213980 -0.649750 0.599900
1524.341774 49.261250 -0.047360 0.599900
1525.342774 49.309120 0.193750 0.599900
1526.352975 49.357290 6.513700 0.599900
1527.350884 49.405660 6.130380 0.599900
1528.347694 49.452900 6.133820 0.599900
1529.364031 49.501160 6.137310 0.599900
1530.362901 49.548810 6.896160 0.599900
1531.359545 49.595500 -0.099430 0.599900
1532.356371 49.641400 6.145650 0.599900
1533.351777 49.688860 3.707170 0.599900
1534.348221 49.735270 0.556990 0.599900
1535.345472 49.780690 6.153990 0.599900
1536.341676 49.826190 6.156880 0.599900
1537.337421 49.871090 0.508760 0.599900
1538.331631 49.916270 1.596850 0.599900
1539.348637 49.962660 0.024420 0.599900
1540.358383 50.008710 5.698310 0.599900
1541.355030 50.054230 0.354930 0.599900
1542.350534 50.098010 -0.417810 0.599900
1543.347023 50.142860 -0.296560 0.599900
1544.357058 50.187900 6.178050 0.599900
1545.367469 50.233340 -0.029230 0.599900
1546.363657 50.279020 -0.594360 0.599900
1547.363762 50.323790 -0.889190 0.599900
1548.381677 50.369180 3.608670 0.599900
1549.379542 50.414150 6.199760 0.599900
1550.379616 50.457370 6.194070 0.599900
1551.401821 50.500280 6.249960 0.599900
1552.399251 50.544300 6.305390 0.599900
1553.395605 50.586450 1.440970 0.599900
1554.418234 50.628670 -0.777880 0.599900
1555.416312 50.671570 6.133890 0.599900
1556.415095 50.712200 6.210980 0.599900
1557.432840 50.752700 6.209370 0.599900
1558.443176 50.794010 6.210630 0.599900
1559.441168 50.835200 6.204350 0.599900
1560.453423 50.874880 6.162240 0.599900
1561.475393 50.915890 6.222410 0.599900
1562.485272 50.956990 6.224640 0.599900
1563.481923 50.997940 6.240000 0.599900
1564.495569 51.038860 6.232120 0.599900
1565.497432 51.079280 6.231530 0.599900
1566.491519 51.119480 6.234060 0.599900
1567.488342 51.159430 6.236690 0.599900
1568.495418 51.199490 6.239080 0.599900
1569.493944 51.240220 6.241430 0.599900
1570.505447 51.281390 6.244530 0.599900
1571.501847 51.323080 6.247160 0.599900
1572.498061 51.363150 6.249480 0.599900
1573.521185 51.402220 6.252230 0.599900
1574.547846 51.442700 6.254450 0.599900
1575.546180 51.482870 6.254940 0.599900
1576.543076 51.523070 6.263050 0.599900
1577.545545 51.563310 6.264370 0.599900
1578.545437 51.603140 6.267760 0.599900
1579.557125 51.642370 6.272240 0.599900
1580.552201 51.681140 6.275440 0.599900
1581.562957 51.717810 6.275390 0.599900
1582.571545 51.755620 6.276300 0.599900
1583.571091 51.792570 6.278260 0.599900
