1760,977088 21,847280 -0,208450 0,599900
1761,983925 21,841840 -0,916540 0,599900
1762,981688 21,840130 -0,036560 0,599900
1763,994271 21,821990 -1,046940 0,599900
1764,990994 21,809600 -0,284370 0,599900
1765,984971 21,809930 -0,042730 0,599900
1766,991716 21,807720 -0,208870 0,599900
1767,989781 21,803590 -0,783070 0,599900
1769,002440 21,816760 -0,581850 0,599900
1769,998571 21,807080 -0,723870 0,599900
1771,008644 21,804640 -0,576520 0,599900
1772,018984 21,802250 0,464730 0,599900
1773,016815 21,802900 -0,426190 0,599900
1774,028650 21,801080 -0,316850 0,599900
1775,024932 21,805240 -2,455880 0,599900
1776,018532 21,829330 -0,680090 0,599900
1777,026757 21,844630 0,301950 0,599900
1778,024918 21,815690 -0,270370 0,599900
1779,036548 21,838740 -0,367800 0,599900
1780,034914 22,014240 -0,316290 0,599900
1781,029602 21,648920 -0,201740 0,599900
1782,034928 21,684200 -0,113760 0,599900
1783,032619 21,579620 -0,259630 0,599900
1784,029637 21,537880 -0,138470 0,599900
1785,047047 21,533080 -0,157730 0,599900
1786,044181 21,592900 -0,135680 0,599900
1787,053397 21,627880 -1,018240 0,599900
1788,064195 21,630270 -0,508420 0,599900
1789,060904 21,648210 0,210770 0,599900
1790,056156 21,633610 -0,161330 0,599900
1791,053507 21,614620 -0,472260 0,599900
1792,049750 21,635770 -0,221570 0,599900
1793,046636 21,657940 0,205040 0,599900
1794,055780 21,662120 -0,075540 0,599900
1795,051650 21,671820 -0,412380 0,599900
1796,066399 21,676590 -0,889130 0,599900
1797,063899 21,684750 -0,732830 0,599900
1798,072294 21,689210 0,197260 0,599900
1799,081666 21,696430 0,734140 0,599900
1800,079677 21,709580 -0,042520 0,599900
1801,092498 21,730640 -0,267430 0,599900
1802,094543 21,748620 -0,140390 0,599900
1803,089598 21,771170 -1,023910 0,599900
1804,085684 21,787580 -0,624570 0,599900
1805,091291 21,802490 -1,294490 0,599900
1806,087547 21,783060 -0,520680 0,599900
1807,102705 21,827020 -0,223260 0,599900
1808,097516 21,934260 -0,094900 0,599900
1809,092552 22,014340 -0,427520 0,599900
1810,099122 22,063790 -0,112070 0,599900
1811,094314 22,146630 -0,643220 0,599900
1812,110726 22,160870 -0,456190 0,599900
1813,109176 22,302220 -0,554410 0,599900
1814,117187 22,419270 -0,430040 0,599900
1815,112797 22,526940 -0,629970 0,599900
1816,109534 22,637520 -0,420520 0,599900
1817,109399 22,746700 -1,129020 0,599900
1818,104326 22,864260 -0,628560 0,599900
1819,105087 22,965800 0,551280 0,599900
1820,101638 23,084230 -0,840890 0,599900
1821,111128 23,198700 -0,953760 0,599900
1822,120716 23,308150 -1,119710 0,599900
1823,116324 23,416960 -0,514710 0,599900
1824,113144 23,523620 -0,221110 0,599900
1825,106338 23,629550 -0,650610 0,599900
1826,119567 23,729480 -0,485960 0,599900
1827,130784 23,831070 -0,182550 0,599900
1828,127189 23,928120 -0,807010 0,599900
1829,139228 24,020250 -0,054210 0,599900
1830,138197 24,112300 -0,501190 0,599900
1831,146135 24,202130 -0,662060 0,599900
1832,156298 24,295650 -0,451360 0,599900
1833,151650 24,392010 -0,640740 0,599900
1834,166665 24,491700 -0,061200 0,599900
1835,161926 24,594530 -1,376800 0,599900
1836,172503 24,699070 -1,100500 0,599900
1837,181758 24,807580 -0,067500 0,599900
1838,178432 24,919120 -0,229920 0,599900
1839,172716 25,028380 -0,545170 0,599900
1840,176911 25,138760 -0,234360 0,599900
1841,174462 25,249320 -0,895490 0,599900
1842,182734 25,366240 -0,724290 0,599900
1843,191784 25,487490 -1,197190 0,599900
1844,191091 25,610390 -0,000460 0,599900
1845,203026 25,735990 -0,182460 0,599900
1846,200339 25,861720 -0,703930 0,599900
1847,209032 25,989320 -0,228340 0,599900
1848,218338 26,112310 -0,288930 0,599900
1849,245151 26,232780 -0,124540 0,599900
1850,244171 26,355800 -0,282100 0,599900
1851,251298 26,476610 -1,071750 0,599900
1852,262781 26,600670 -1,030900 0,599900
1853,288273 26,726560 -1,670640 0,599900
1854,285406 26,855320 -1,462730 0,599900
1855,282860 26,981190 0,382010 0,599900
1856,279230 27,113610 1,489930 0,599900
1857,288063 27,248590 -0,370870 0,599900
1858,282693 27,389080 -1,187180 0,599900
1859,280418 27,524310 -0,411680 0,599900
1860,278076 27,665010 -0,643230 0,599900
1861,286454 27,802810 -0,231140 0,599900
1862,295498 27,940660 -0,193580 0,599900
1863,291495 28,078110 -0,957330 0,599900
1864,306709 28,214540 -0,044670 0,599900
1865,305139 28,353270 -0,027040 0,599900
1866,312860 28,488860 -0,170570 0,599900
1867,307423 28,622790 -0,055120 0,599900
1868,305514 28,755560 -0,629670 0,599900
1869,302691 28,887580 -0,244540 0,599900
1870,316848 29,018350 -0,386240 0,599900
1871,311446 29,150600 -1,424710 0,599900
1872,308092 29,281330 0,099260 0,599900
1873,314538 29,411380 -0,285810 0,599900
1874,308461 29,543210 0,265330 0,599900
1875,325022 29,674160 -0,080460 0,599900
1876,322700 29,806360 -0,367660 0,599900
1877,319352 29,935320 -0,431460 0,599900
1878,324205 30,062190 -0,272720 0,599900
1879,319176 30,190030 -0,404420 0,599900
1880,333121 30,318650 -0,983570 0,599900
1881,330627 30,450570 -0,108430 0,599900
1882,325400 30,577170 -0,058310 0,599900
1883,331935 30,703060 -1,086120 0,599900
1884,328854 30,827150 -0,937340 0,599900
1885,342398 30,947720 -0,940090 0,599900
1886,339947 31,069530 -0,216400 0,599900
1887,348416 31,188490 -0,648620 0,599900
1888,358393 31,308060 -0,196910 0,599900
1889,356841 31,426460 -0,627030 0,599900
1890,351394 31,543610 -0,074280 0,599900
1891,347443 31,660740 -0,399320 0,599900
1892,342985 31,776520 -0,193180 0,599900
1893,358619 31,890870 -0,229020 0,599900
1894,355172 32,007230 -0,654920 0,599900
1895,351415 32,120600 -0,061370 0,599900
1896,345307 32,233310 -0,036680 0,599900
1897,344771 32,345550 -0,589910 0,599900
1898,341374 32,457640 -0,384070 0,599900
1899,350846 32,568510 -0,217570 0,599900
1900,360610 32,680210 -0,825810 0,599900
1901,357286 32,791340 -0,202010 0,599900
1902,370863 32,899880 -0,080190 0,599900
1903,368181 33,010140 -0,066090 0,599900
1904,377073 33,117990 -1,010520 0,599900
1905,387950 33,228020 -0,082410 0,599900
1906,389247 33,338240 -0,026820 0,599900
1907,397050 33,447410 -0,980410 0,599900
1908,390853 33,556240 -0,073040 0,599900
1909,403586 33,662140 -1,347040 0,599900
1910,431311 33,768800 -0,446850 0,599900
1911,458293 33,874640 -0,929150 0,599900
1912,454587 33,979720 -0,607210 0,599900
1913,464075 34,080130 -0,057450 0,599900
1914,474205 34,181630 -0,067460 0,599900
1915,470703 34,282390 0,053720 0,599900
1916,471044 34,381640 0,274280 0,599900
1917,488745 34,480690 -0,456100 0,599900
1918,517305 34,581810 -0,706380 0,599900
1919,542558 34,684160 -0,086270 0,599900
1920,538457 34,785340 -0,233960 0,599900
1921,534182 34,883070 -1,300560 0,599900
1922,541206 34,980710 -0,065660 0,599900
1923,539734 35,079060 -0,205600 0,599900
1924,551559 35,175780 -1,635900 0,599900
1925,549015 35,274550 -0,512570 0,599900
1926,557617 35,371060 -0,045630 0,599900
1927,566599 35,468000 -0,688810 0,599900
1928,564473 35,564540 -0,075250 0,599900
1929,577653 35,658990 -0,182280 0,599900
1930,574374 35,755390 -0,208740 0,599900
1931,584030 35,849120 -0,515240 0,599900
1932,592975 35,943180 -0,621170 0,599900
1933,591988 36,036310 -0,076160 0,599900
1934,598421 36,128260 -1,131300 0,599900
1935,597360 36,220760 0,281210 0,599900
1936,595240 36,312940 -0,330110 0,599900
1937,602465 36,403350 -0,175010 0,599900
1938,605119 36,495400 -0,188680 0,599900
1939,600657 36,586350 -2,573900 0,599900
1940,600891 36,677050 -1,220130 0,599900
1941,618834 36,769120 -0,149850 0,599900
1942,629150 36,861700 -1,273550 0,599900
1943,629953 36,952920 -0,659450 0,599900
1944,627159 37,041910 0,057910 0,599900
1945,627030 37,128930 -0,777540 0,599900
1946,644966 37,215010 1,292940 0,599900
1947,672981 37,302600 -0,373270 0,599900
1948,668364 37,390460 0,027890 0,599900
1949,665561 37,475130 -0,767700 0,599900
1950,659353 37,559430 -0,009940 0,599900
1951,671540 37,644660 -1,149990 0,599900
1952,667369 37,730370 0,382610 0,599900
1953,665300 37,814480 0,017110 0,599900
1954,658398 37,897290 -0,203680 0,599900
1955,675780 37,979350 -0,184010 0,599900
1956,673273 38,062710 -0,033940 0,599900
1957,669295 38,143850 -0,030160 0,599900
1958,667168 38,224100 0,029040 0,599900
1959,674597 38,304450 -0,878670 0,599900
1960,674210 38,385270 -0,049600 0,599900
1961,685996 38,464270 -0,020300 0,599900
1962,683541 38,545660 -0,376130 0,599900
1963,691714 38,625130 -0,592330 0,599900
1964,701244 38,705330 -0,884110 0,599900
1965,699260 38,785490 -0,182730 0,599900
1966,698902 38,864920 -0,039700 0,599900
1967,696270 38,944570 -0,584960 0,599900
1968,718333 39,024220 -0,135290 0,599900
1969,729068 39,105460 -0,239830 0,599900
1970,726381 39,184910 0,045970 0,599900
1971,738392 39,262100 -0,825290 0,599900
1972,736826 39,339450 -0,528880 0,599900
1973,732969 39,414910 -0,910900 0,599900
1974,729392 39,489860 -1,040580 0,599900
1975,738395 39,564280 -3,078780 0,599900
1976,737251 39,639320 -0,667090 0,599900
1977,748097 39,713280 -0,547290 0,599900
1978,745180 39,787370 -0,359380 0,599900
1979,739949 39,861080 0,362960 0,599900
1980,747223 39,934870 -0,148660 0,599900
1981,745069 40,009290 0,419640 0,599900
1982,756698 40,081890 -1,831280 0,599900
1983,751974 40,155050 0,668610 0,599900
1984,747166 40,227580 0,145010 0,599900
1985,754401 40,299610 -0,861090 0,599900
1986,754954 40,372550 -0,374360 0,599900
1987,765877 40,444990 0,100640 0,599900
1988,763388 40,517360 0,196650 0,599900
1989,771584 40,588710 -0,721100 0,599900
1990,781085 40,660060 -0,713840 0,599900
1991,780388 40,731240 -0,002420 0,599900
1992,791736 40,801090 1,504630 0,599900
1993,790370 40,871830 -1,027590 0,599900
1994,798198 40,941690 0,104420 0,599900
1995,806509 41,011550 0,595240 0,599900
1996,806321 41,081530 -5,408940 0,599900
1997,818223 41,150080 2,175490 0,599900
1998,814871 41,219600 -0,516730 0,599900
1999,814028 41,287400 0,718320 0,599900
2000,817318 41,355870 1,196450 0,599900
2001,813354 41,424130 2,038200 0,599900
2002,825996 41,492140 0,105500 0,599900
2003,822035 41,560670 0,898410 0,599900
2004,819017 41,628900 -0,846330 0,599900
2005,816769 41,697050 0,641810 0,599900
2006,827106 41,764870 0,012940 0,599900
2007,853526 41,834290 -0,191720 0,599900
2008,849520 41,904220 -0,087350 0,599900
2009,845977 41,971330 0,053680 0,599900
2010,869221 42,038450 0,037150 0,599900
2011,865083 42,106580 0,045660 0,599900
2012,861724 42,171580 -0,954210 0,599900
2013,858315 42,236900 -0,108120 0,599900
2014,854927 42,302110 -0,065490 0,599900
2015,876471 42,367220 0,001750 0,599900
2016,873925 42,434380 -0,594330 0,599900
2017,869609 42,499660 -1,250810 0,599900
2018,863040 42,564960 -0,932490 0,599900
2019,861267 42,629010 -0,540910 0,599900
2020,886880 42,692910 -0,206100 0,599900
2021,884654 42,756340 -0,524500 0,599900
2022,887757 42,817470 0,188860 0,599900
2023,900906 42,878250 -0,212400 0,599900
2024,909999 42,939740 -0,031240 0,599900
2025,909217 43,002210 -0,091060 0,599900
2026,921176 43,065310 -0,479710 0,599900
2027,916974 43,129930 -0,548520 0,599900
2028,927339 43,192260 -0,751870 0,599900
2029,936967 43,256050 -0,623080 0,599900
2030,936213 43,321020 -0,866090 0,599900
2031,932872 43,384730 -0,448090 0,599900
2032,931180 43,446500 -0,979600 0,599900
2033,926291 43,507970 -0,113020 0,599900
2034,937515 43,567750 -0,546050 0,599900
2035,946373 43,627410 0,153390 0,599900
2036,943890 43,687600 -0,237370 0,599900
2037,939562 43,746790 0,565030 0,599900
2038,933991 43,805340 0,031850 0,599900
2039,946037 43,864310 0,345060 0,599900
2040,956406 43,923130 -0,254140 0,599900
2041,954882 43,981570 -0,161240 0,599900
2042,965729 44,039670 -1,083070 0,599900
2043,960824 44,099030 -0,120570 0,599900
2044,972125 44,155710 -0,172650 0,599900
2045,982546 44,213610 1,383370 0,599900
2046,979919 44,271060 0,495490 0,599900
2047,992655 44,327250 5,793680 0,599900
2048,989081 44,384830 5,808530 0,599900
2049,998698 44,441740 5,812020 0,599900
2051,009480 44,498120 5,815640 0,599900
2052,006991 44,554670 5,819320 0,599900
2053,019070 44,610280 5,822220 0,599900
2054,016984 44,665960 5,825920 0,599900
2055,025045 44,720490 5,829100 0,599900
2056,034975 44,774730 5,832900 0,599900
2057,032959 44,830480 5,837090 0,599900
2058,045243 44,885800 5,841150 0,599900
2059,040882 44,941300 5,845170 0,599900
2060,051438 44,994160 5,848930 0,599900
2061,061981 45,048860 5,853120 0,599900
2062,087361 45,103890 5,857010 0,599900
2063,083887 45,158340 5,860460 0,599900
2064,093653 45,212400 5,864260 0,599900
2065,104102 45,266360 5,868060 0,599900
2066,130338 45,319360 5,871780 0,599900
2067,152598 45,373400 5,875600 0,599900
2068,158161 45,427130 5,879220 0,599900
2069,155939 45,479130 5,882730 0,599900
2070,172592 45,530940 5,886070 0,599900
2071,169040 45,583340 5,889630 0,599900
2072,164164 45,635170 5,893040 0,599900
2073,172181 45,685340 5,896560 0,599900
2074,170036 45,736580 5,899700 0,599900
2075,181585 45,787800 5,902910 0,599900
2076,176286 45,838450 5,906030 0,599900
2077,175974 45,887190 5,908910 0,599900
2078,179417 45,936960 5,911900 0,599900
2079,178103 45,987450 5,915120 0,599900
2080,190041 46,036920 5,918520 0,599900
2081,187564 46,086740 5,921500 0,599900
2082,195837 46,135400 5,924950 0,599900
2083,205862 46,184300 5,928640 0,599900
2084,204389 46,233940 5,931700 0,599900
2085,216191 46,281580 5,934990 0,599900
2086,214234 46,330940 5,938260 0,599900
2087,222370 46,378740 5,941360 0,599900
2088,233044 46,427510 5,944650 0,599900
2089,233897 46,476020 5,948110 0,599900
2090,242259 46,523890 5,951540 0,599900
2091,238544 46,572620 5,954680 0,599900
2092,236881 46,620750 5,957820 0,599900
2093,240909 46,669230 5,960980 0,599900
2094,239850 46,717370 5,964120 0,599900
2095,251549 46,764870 5,967440 0,599900
2096,247162 46,812240 5,970750 0,599900
2097,241871 46,859550 5,974400 0,599900
2098,267377 46,907030 5,977780 0,599900
2099,263867 46,954860 5,981540 0,599900
2100,277663 47,001340 5,985490 0,599900
2101,274494 47,049300 5,989470 0,599900
2102,283661 47,096360 5,992740 0,599900
2103,279318 47,143890 5,995670 0,599900
2104,276858 47,190580 5,998940 0,599900
2105,276125 47,237550 6,002270 0,599900
2106,305625 47,284320 6,005730 0,599900
2107,303018 47,332020 6,009140 0,599900
2108,311546 47,378590 6,012350 0,599900
2109,320975 47,425330 6,015780 0,599900
2110,316763 47,471510 6,018810 0,599900
2111,331770 47,516470 6,021450 0,599900
2112,326849 47,562250 6,024260 0,599900
2113,338138 47,607050 6,026510 0,599900
2114,348307 47,651580 6,028960 0,599900
2115,344456 47,695680 6,031430 0,599900
2116,339914 47,739370 6,033690 0,599900
2117,336345 47,783270 6,036180 0,599900
2118,346531 47,827310 6,038510 0,599900
2119,356917 47,870960 6,040850 0,599900
2120,383359 47,914940 6,043340 0,599900
2121,378644 47,958870 6,046040 0,599900
2122,389108 48,001800 6,048130 0,599900
2123,399001 48,045120 6,050470 0,599900
2124,397508 48,088340 6,052850 0,599900
2125,396367 48,130700 6,055050 0,599900
2126,413738 48,172770 6,057340 0,599900
2127,409531 48,214690 6,059680 0,599900
2128,407371 48,255720 6,061860 0,599900
2129,402985 48,296420 6,064170 0,599900
2130,399729 48,336370 6,065920 0,599900
2131,395819 48,376570 6,068250 0,599900
2132,406084 48,416330 6,070280 0,599900
2133,415392 48,456350 6,072050 0,599900
2134,414074 48,495800 6,074030 0,599900
2135,425939 48,535980 6,076050 0,599900
2136,421961 48,576000 6,078380 0,599900
2137,432368 48,615980 6,080660 0,599900
2138,442029 48,656310 6,083500 0,599900
2139,437535 48,696420 6,086090 0,599900
2140,453049 48,736340 6,088900 0,599900
2141,449021 48,777620 6,092360 0,599900
2142,458567 48,817580 6,095610 0,599900
2143,468850 48,858460 6,098300 0,599900
2144,466684 48,899120 6,100740 0,599900
2145,479206 48,938450 6,103000 0,599900
2146,476183 48,978220 6,105270 0,599900
2147,485181 49,016620 6,107470 0,599900
2148,494877 49,055180 6,109390 0,599900
2149,491986 49,093740 6,111790 0,599900
2150,491944 49,131870 6,114020 0,599900
2151,486365 49,169800 6,115690 0,599900
2152,493595 49,207410 6,118200 0,599900
2153,504226 49,245070 6,120070 0,599900
2154,529472 49,282980 6,122040 0,599900
2155,526979 49,321030 6,124000 0,599900
2156,535933 49,358200 6,126080 0,599900
2157,546479 49,395800 6,127880 0,599900
2158,543459 49,433310 6,130140 0,599900
2159,556419 49,470330 6,132350 0,599900
2160,554219 49,507820 6,134250 0,599900
2161,550006 49,544270 6,136380 0,599900
2162,546384 49,580460 6,138400 0,599900
2163,555518 49,616780 6,140580 0,599900
2164,551886 49,654060 6,142770 0,599900
2165,566779 49,690500 6,144970 0,599900
2166,564402 49,727020 6,147270 0,599900
2167,572713 49,763220 6,149850 0,599900
2168,583184 49,799940 6,152240 0,599900
2169,579401 49,836720 6,154690 0,599900
2170,575051 49,872860 6,156760 0,599900
2171,573606 49,907810 6,158880 0,599900
2172,581203 49,943250 6,160870 0,599900
2173,590744 49,979350 6,162940 0,599900
2174,586658 50,014870 6,164980 0,599900
2175,583200 50,049750 6,167550 0,599900
2176,581581 50,084760 6,168990 0,599900
2177,581971 50,119500 6,171390 0,599900
2178,576804 50,153760 6,173420 0,599900
2179,584447 50,188750 6,175290 0,599900
2180,580656 50,223910 6,176720 0,599900
2181,593349 50,258540 6,178970 0,599900
2182,590023 50,293990 6,180720 0,599900
2183,585519 50,328740 6,182710 0,599900
2184,591899 50,363740 6,184620 0,599900
2185,587504 50,399670 6,186740 0,599900
2186,602311 50,434370 6,188690 0,599900
2187,599946 50,469800 6,190980 0,599900
2188,596417 50,503920 6,193030 0,599900
2189,600153 50,538410 6,195080 0,599900
2190,599865 50,572270 6,197080 0,599900
2191,594714 50,606210 6,199220 0,599900
2192,611525 50,639960 6,201300 0,599900
2193,608057 50,674650 6,203630 0,599900
2194,603912 50,708370 6,205660 0,599900
2195,599616 50,742060 6,207800 0,599900
2196,598379 50,775550 6,210180 0,599900
2197,593067 50,809050 6,212520 0,599900
2198,591556 50,842230 6,214730 0,599900
2199,609123 50,875250 6,216580 0,599900
2200,606545 50,908390 6,218660 0,599900
2201,607862 50,941540 6,220920 0,599900
2202,629115 50,975060 6,223500 0,599900
2203,625871 51,008460 6,225760 0,599900
2204,620481 51,041270 6,227690 0,599900
2205,616578 51,073730 6,229560 0,599900
2206,615885 51,105560 6,231090 0,599900
2207,637321 51,136710 6,232950 0,599900
2208,632722 51,168900 6,234910 0,599900
2209,628633 51,200430 6,236710 0,599900
2210,622622 51,232000 6,238210 0,599900
